CPU Speed
3623000
3705625
3629000
3569750
3547500
3501875
3512125
3599875
3750750
3656125
3600125
3600000
3600250
3724375
3500500
3499625
3500000
3600000
3656250
3685125
3600500
3600625
3638250
3744125
3759750
3758500
3817250
3800000
3797250
3813375
3770750
3600125
3568125
3505000
3696000
3420875
3410125
3574500
3630875
3604750
3817125
3795875
3688625
3599875
3541000
3509750
3500625
3500125
3800250
3795750
3775375
3600625
3600375
3410125
3584125
3600250
3794250
3711000
3470750
3510375
3612250
3795625
3807875
3426500
3529000
3517750
3500375
3526250
3612125
3855125
3629750
3531500
3520000
3489000
3842250
3544625
3500000
3571000
3545750
3600125
3500250
3797750
3562875
3500000
3440875
3399875
3440500
3498375
3457875
3523625
3568000
3600250
3585875
3613375
3528750
3483625
3797000
3495000
3399500
3459125
3518125
3630875
3693875
3672250
3538500
3600000
3543250
3477625
3852000
3505375
3428125
3400375
3500500
3641875
3646625
3687750
3707000
3595125
3640750
3561375
3780750
3767875
3412875
3470125
3394625
3513000
3669250
3628375
3638375
3651250
3649000
3640125
3563875
3421500
3387000
3749250
3422125
3413250
3484250
3800375
3600250
3600000
3600625
3656750
3510375
3778625
3534375
3456375
3399875
3411250
3413625
3474250
3499125
3570000
3682500
3597125
3551250
3627750
3681750
3832625
3840625
3699750
3800250
3529000
3575875
3565000
3502750
3680625
3606000
3621375
3570250
3671250
3600125
3672750
3729125
3699500
3830875
3860000
3874250
3500125
3499875
3556250
3572875
3511000
3588750
3619000
3664625
3612250
3662250
3631250
3670000
3666125
3655500
3685000
3795625
3726625
3817625
3739750
3752500
3827500
3857000
3751875
3873250
3644875
3500125
3790625
3533000
3575750
3573000
3585125
3600250
3628375
3672500
3628750
3674000
3615000
3645875
3626500
3768625
3696875
3700000
3686500
3642625
3671250
3672500
3622375
3635875
3701000
3700250
3700125
3777125
3758500
3783875
3724875
3788625
3830500
3821750
3829750
3800375
3889625
3863000
3722125
3901250
3798125
3834750
3872750
3857000
3876625
3714375
3808000
3868375
3831750
3800250
3879750
3883750
3619375
3484750
3496625
3507375
3517500
3515000
3518125
3561000
3585375
3588125
3532375
3641625
3643125
3684125
3686750
3683375
3687625
3699750
3699750
3700250
3600375
3642625
3648000
3665625
3663125
3638875
3689875
3661000
3669875
3668500
3641125
3665625
3645000
3607250
3675375
3677250
3832000
3606375
3669125
3688750
3634625
3663625
3618875
3701125
3687125
3800500
3709500
3724125
3741000
3774625
3729500
3800250
3829000
3794750
3831625
3810875
3828000
3853250
3772625
3830625
3868250
3811375
3872500
3824500
3886000
3805875
3826125
3858250
3901250
3870500
3873500
3900875
3900750
3901375
3833125
3900875
3901500
3847875
3901125
3901000
3900750
3901250
3901250
3901500
3901375
3868500
3901125
3900750
3901375
3901125
3901500
3900750
3877500
3900500
3900500
3900750
3765000
3782875
3797375
3789625
3868625
3842250
3871500
3900250
3881125
3900625
3869250
3860375
3858375
3770750
3758250
3784500
3778250
3782500
3810875
3590625
3851625
3819625
3606625
3500000
3672625
3552375
3499875
3558250
3553625
3580250
3510000
3558375
3558875
3535750
3513000
3600125
3509500
3582125
3557875
3600000
3560500
3662625
3663625
3619625
3667125
3521375
3623250
3682625
3677750
3730125
3654125
3699625
3717750
3669125
3699625
3699500
3668750
3700000
3699000
3699375
3782000
3684625
3700500
3684375
3699875
3684250
3684000
3750750
3677875
3600125
3660875
3600000
3638875
3613750
3659000
3643250
3626750
3600375
3666875
3638500
3626250
3641500
3639000
3630250
3600250
3629000
3625125
3647375
3608750
3630375
3671500
3572625
3655750
3612375
3644125
3640000
3700375
3631250
3613125
3600000
3631125
3800750
3637875
3628375
3637750
3667875
3671875
3686875
3642500
3671250
3732000
3771625
3760750
3712000
3730750
3738000
3772625
3725875
3743625
3738375
3739125
3800250
3812625
3808250
3871625
3901125
3843125
3840625
3857250
3873500
3823500
3811625
3813875
3787250
3831375
3873625
3778250
3832875
3839875
3816625
3901375
3900875
3888750
3838500
3719750
3901125
3796375
3901250
3812125
3874125
3901125
3855500
3827750
3897875
3900625
3855250
3873125
3873000
3874000
3868875
3870250
3775000
3901000
3854875
3863500
3900500
3852125
3896750
3839625
3900750
3897375
3901375
3848500
3789500
3900625
3881500
3899875
3900750
3901375
3901750
3900625
3839500
3901500
3901500
3901500
3901250
3804000
3900750
3900250
3900875
3851500
3877250
3901125
3900375
3874125
3900875
3901125
3901625
3900875
3900625
3900250
3900750
3900250
3901250
3792875
3900375
3900500
3780375
3806250
3901000
3836125
3900750
3860750
3901125
3900500
3835875
3900875
3901000
3882250
3900500
3901250
3900625
3901250
3900500
3901500
3900375
3901500
3885125
3843125
3876750
3900375
3887125
3900375
3900500
3900375
3900250
3894375
3900375
3898500
3897875
3900875
3900500
3900625
3892375
3900625
3900375
3900875
3889125
3890125
3900250
3900375
3900875
3900375
3900750
3900375
3894625
3868625
3901125
3901000
3866500
3901250
3900250
3900625
3900750
3900250
3900250
3900500
3828750
3722750
3900500
3901000
3892125
3901125
3796750
3837875
3901375
3875125
3901000
3853375
3900750
3853750
3900875
3901125
3900875
3855125
3884875
3809500
3900375
3886375
3823500
3816375
3851500
3820875
3830500
3852875
3853250
3854625
3845000
3831625
3812625
3795750
3831375
3800625
3738000
3800500
3713125
3773125
3790625
3797375
3800625
3770500
3771500
3786250
3717375
3720750
3807125
3848875
3808750
3859875
3747375
3599750
3444750
3795000
3499875
3637500
3536375
3440375
3699875
3500000
3540125
3556625
3522000
3699750
3534250
3569500
3461875
3563625
3514000
3540125
3524125
3501000
3558750
3738250
3577375
3538625
3584250
3597250
3577125
3520750
3564625
3558375
3583375
3597000
3592250
3550375
3616375
3639375
3642625
3700375
3680625
3647750
3615625
3599625
3657500
3600250
3623500
3631875
3564500
3659875
3681125
3700375
3686000
3700500
3699625
3699875
3700375
3668000
3700000
3672875
3663875
3637375
3699750
3634375
3699875
3659500
3676000
3699625
3671375
3691750
3694000
3700250
3694375
3700000
3683750
3700000
3631500
3673375
3700000
3670250
3696875
3685250
3700125
3700000
3686250
3699625
3630625
3676875
3695125
3642000
3628500
3634875
3628750
3652625
3618500
3641500
3646500
3623000
3652750
3635750
3628875
3654750
3664750
3656250
3643500
3818375
3654625
3598375
3647375
3630500
3680875
3658125
3686750
3700250
3679375
3620500
3651750
3640750
3637000
3629000
3643125
3670125
3829000
3657125
3600500
3628875
3600000
3656625
3612000
3626875
3600000
3660625
3658625
3623250
3613125
3655250
3629000
3634250
3653500
3635375
3642625
3628875
3613000
3630500
3655750
3642000
3626750
3634000
3631500
3638250
3657625
3629875
3673250
3638750
3648375
3612375
3626375
3800250
3669125
3701250
3654125
3694000
3609125
3655625
3642875
3638000
3587375
3638125
3673500
3700000
3685375
3685625
3700000
3699625
3669625
3685375
3735375
3700000
3786125
3786125
3706875
3736125
3740500
3778375
3766875
3751875
3753000
3742750
3786250
3742750
3789250
3706500
3729875
3699625
3712625
3767000
3748250
3760125
3786375
3713000
3723750
3839625
3774500
3873500
3837375
3833750
3842375
3849250
3854750
3792000
3810500
3900500
3815125
3873125
3809125
3833750
3829000
3753125
3820125
3856375
3844500
3794500
3828375
3832125
3710625
3800500
3828125
3854625
3854375
3845750
3800375
3826625
3900875
3841125
3840125
3842125
3843250
3840250
3812750
3812625
3901250
3901250
3887125
3901375
3901375
3872250
3700125
3888625
3900875
3816500
3873875
3893875
3900375
3877125
3884000
3872625
3900375
3870875
3603750
3884500
3900875
3893625
3871375
3805000
3872000
3747625
3900500
3900625
3884625
3900500
3893750
3886625
3900875
3774000
3802750
3820375
3901125
3901250
3838250
3888625
3901000
3883375
3873000
3834625
3855875
3872375
3900875
3900875
3900500
3901750
3875500
3843500
3901125
3901000
3901125
3901250
3901000
3901125
3901500
3895500
3900500
3878750
3885125
3878875
3848500
3886500
3900250
3884500
3900750
3867875
3900375
3900750
3900750
3900500
3900375
3901000
3901000
3900875
3901375
3894500
3901000
3900875
3901500
3901125
3901375
3757875
3901000
3875500
3900625
3900875
3900375
3900875
3901000
3901125
3900750
3901125
3784250
3900875
3881250
3901250
3901250
3901125
3901250
3900750
3901500
3901625
3901500
3789500
3811875
3881625
3742375
3901125
3901375
3808125
3901000
3901500
3838375
3900625
3816750
3900625
3900500
3814625
3900625
3900500
3900500
3807375
3877250
3872500
3900875
3859875
3901500
3811500
3900750
3900500
3900500
3901000
3901000
3900875
3796875
3900500
3901500
3900750
3901500
3802375
3901000
3901375
3901125
3864875
3901250
3900250
3900625
3901000
3900375
3900875
3901125
3773000
3900250
3901125
3901125
3900375
3875875
3699250
3901125
3900875
3901000
3901250
3901375
3773875
3901375
3900875
3900875
3901000
3901000
3900500
3900625
3857000
3900625
3688375
3836250
3901000
3900375
3834875
3900625
3900500
3900375
3900750
3795875
3900625
3900250
3895750
3900125
3900375
3901000
3869000
3900375
3895000
3899000
3900625
3900625
3901375
3901000
3901000
3900875
3900875
3900375
3900250
3900750
3900375
3900750
3901125
3901000
3901125
3901000
3900500
3901125
3901500
3901875
3814625
3901000
3900750
3901250
3900500
3890625
3900625
3901000
3901125
3900250
3900875
3901125
3849625
3860875
3901375
3901250
3857000
3846000
3875750
3900625
3901000
3900750
3901250
3901375
3868250
3894875
3877125
3900875
3900375
3900625
3900500
3857500
3881875
3894875
3900500
3900500
3900625
3901000
3900750
3901250
3900625
3900875
3901500
3842750
3836250
3885250
3881750
3900625
3865750
3900750
3871125
3797375
3813375
3828500
3848250
3886500
3889125
3899000
3878000
3901250
3887000
3792500
3900875
3901000
3706375
3742000
3777125
3744500
3725500
3900500
3901000
3880750
3900625
3900625
3900500
3901750
3863500
3900750
3900625
3846125
3901500
3901250
3855250
3901125
3901000
3901375
3901250
3848000
3901250
3901875
3675625
3900250
3900250
3894875
3900750
3844375
3901875
3900875
3861875
3743750
3880875
3733250
3893375
3900500
3900625
3900875
3858750
3900875
3817125
3848375
3868875
3900375
3773375
3798375
3876750
3863750
3821625
3849125
3770250
3900500
3860750
3896125
3830000
3700750
3901500
3900750
3901625
3901125
3875750
3900875
3901375
3857625
3900125
3888375
3901250
3901000
3901000
3901250
3895500
3701375
3900875
3900750
3900750
3901000
3900750
3901000
3901000
3901500
3882750
3901125
3900625
3901625
3900625
3901125
3900625
3900625
3900375
3900500
3901000
3901250
3901125
3900875
3901125
3901125
3900750
3901000
3900250
3900375
3900250
3900375
3900500
3900500
3900875
3900625
3901500
3900750
3901250
3840125
3767375
3901000
3901250
3901000
3901125
3899875
3900500
3900625
3900625
3900500
3900250
3900875
3814000
3859375
3896250
3901000
3901125
3901375
3861750
3873500
3900875
3900375
3900250
3900750
3885750
3900750
3900250
3900250
3900625
3900500
3900375
3900500
3883000
3900625
3900250
3900375
3900750
3753125
3832125
3830625
3869125
3841375
3788250
3854500
3868375
3839125
3892250
3849875
3842375
3871375
3900750
3849250
3900875
3901125
3838375
3880625
3873875
3848375
3827500
3699500
3894750
3871750
3846875
3831375
3837250
3791500
3901000
3851625
3857750
3843500
3810750
3872625
3800500
3800000
3800250
3800875
3777125
3799250
3808250
3815375
3800625
3800125
3813000
3843375
3800250
3800125
3800500
3800500
3773625
3828625
3847000
3800125
3800375
3830750
3772125
3771500
3711375
3729125
3790500
3800500
3800875
3801250
3800250
3822375
3800875
3741625
3772250
3629250
3800375
3800625
3800375
3800375
3800375
3852250
3721000
3830875
3842875
3815500
3640250
3611875
