Size of memory array: 1024
   1024	      4		   1
   1024	      8		   1
   1024	     16		   1
   1024	     32		   1
   1024	     64		   1
   1024	    128		   1
   1024	    256		   1
   1024	    512		   1
Size of memory array: 2048
   2048	      4		   1
   2048	      8		   1
   2048	     16		   1
   2048	     32		   1
   2048	     64		   1
   2048	    128		   1
   2048	    256		   1
   2048	    512		   1
   2048	   1024		   1
Size of memory array: 4096
   4096	      4		   1
   4096	      8		   1
   4096	     16		   1
   4096	     32		   1
   4096	     64		   1
   4096	    128		   1
   4096	    256		   1
   4096	    512		   1
   4096	   1024		   1
   4096	   2048		   1
Size of memory array: 8192
   8192	      4		   1
   8192	      8		   1
   8192	     16		   1
   8192	     32		   1
   8192	     64		   1
   8192	    128		   1
   8192	    256		   1
   8192	    512		   1
   8192	   1024		   1
   8192	   2048		   1
   8192	   4096		   1
Size of memory array: 16384
  16384	      4		   1
  16384	      8		   1
  16384	     16		   1
  16384	     32		   1
  16384	     64		   1
  16384	    128		   1
  16384	    256		   1
  16384	    512		   1
  16384	   1024		   1
  16384	   2048		   1
  16384	   4096		   1
  16384	   8192		   1
Size of memory array: 32768
  32768	      4		   1
  32768	      8		   1
  32768	     16		   1
  32768	     32		   1
  32768	     64		   1
  32768	    128		   1
  32768	    256		   1
  32768	    512		   1
  32768	   1024		   1
  32768	   2048		   1
  32768	   4096		   2
  32768	   8192		   1
  32768	  16384		   1
Size of memory array: 65536
  65536	      4		   1
  65536	      8		   1
  65536	     16		   2
  65536	     32		   2
  65536	     64		   4
  65536	    128		   4
  65536	    256		   4
  65536	    512		   4
  65536	   1024		   8
  65536	   2048		   7
  65536	   4096		  10
  65536	   8192		   2
  65536	  16384		   1
  65536	  32768		   1
Size of memory array: 131072
 131072	      4		   1
 131072	      8		   1
 131072	     16		   1
 131072	     32		   2
 131072	     64		   4
 131072	    128		   5
 131072	    256		   5
 131072	    512		   5
 131072	   1024		   8
 131072	   2048		  11
 131072	   4096		  14
 131072	   8192		   9
 131072	  16384		   2
 131072	  32768		   4
 131072	  65536		   1
Size of memory array: 262144
 262144	      4		   1
 262144	      8		   1
 262144	     16		   1
 262144	     32		   2
 262144	     64		   5
 262144	    128		   5
 262144	    256		   5
 262144	    512		   5
 262144	   1024		   7
 262144	   2048		  11
 262144	   4096		  15
 262144	   8192		  13
 262144	  16384		  10
 262144	  32768		   2
 262144	  65536		   1
 262144	 131072		   1
Size of memory array: 524288
 524288	      4		   1
 524288	      8		   1
 524288	     16		   1
 524288	     32		   3
 524288	     64		   6
 524288	    128		   6
 524288	    256		   7
 524288	    512		   5
 524288	   1024		   9
 524288	   2048		  11
 524288	   4096		  16
 524288	   8192		  15
 524288	  16384		  14
 524288	  32768		  10
 524288	  65536		   3
 524288	 131072		   1
 524288	 262144		   1
Size of memory array: 1048576
1048576	      4		   1
1048576	      8		   1
1048576	     16		   1
1048576	     32		   3
1048576	     64		   6
1048576	    128		   6
1048576	    256		   7
1048576	    512		   5
1048576	   1024		   9
1048576	   2048		  11
1048576	   4096		  17
1048576	   8192		  16
1048576	  16384		  15
1048576	  32768		  14
1048576	  65536		  10
1048576	 131072		   3
1048576	 262144		   1
1048576	 524288		   1
Size of memory array: 2097152
2097152	      4		   1
2097152	      8		   1
2097152	     16		   1
2097152	     32		   3
2097152	     64		   6
2097152	    128		   6
2097152	    256		   7
2097152	    512		   5
2097152	   1024		   9
2097152	   2048		  11
2097152	   4096		  17
2097152	   8192		  16
2097152	  16384		  16
2097152	  32768		  16
2097152	  65536		  14
2097152	 131072		  10
2097152	 262144		   3
2097152	 524288		   1
2097152	1048576		   1
Size of memory array: 4194304
4194304	      4		   1
4194304	      8		   1
4194304	     16		   1
4194304	     32		   3
4194304	     64		   6
4194304	    128		   7
4194304	    256		   7
4194304	    512		   5
4194304	   1024		   9
4194304	   2048		  12
4194304	   4096		  17
4194304	   8192		  18
4194304	  16384		  17
4194304	  32768		  17
4194304	  65536		  16
4194304	 131072		  16
4194304	 262144		   9
4194304	 524288		   2
4194304	1048576		   4
4194304	2097152		   1
Size of memory array: 8388608
8388608	      4		   1
8388608	      8		   1
8388608	     16		   2
8388608	     32		   3
8388608	     64		   7
8388608	    128		   7
8388608	    256		   8
8388608	    512		   6
8388608	   1024		   9
8388608	   2048		  12
8388608	   4096		  19
8388608	   8192		  19
8388608	  16384		  18
8388608	  32768		  18
8388608	  65536		  16
8388608	 131072		  15
8388608	 262144		  13
8388608	 524288		  14
8388608	1048576		   7
8388608	2097152		   6
8388608	4194304		   1
Size of memory array: 16777216
16777216	      4		   1
16777216	      8		   1
16777216	     16		   2
16777216	     32		   5
16777216	     64		  11
16777216	    128		  12
16777216	    256		  12
16777216	    512		  10
16777216	   1024		  11
16777216	   2048		  15
16777216	   4096		  21
16777216	   8192		  25
16777216	  16384		  28
16777216	  32768		  29
16777216	  65536		  32
16777216	 131072		  29
16777216	 262144		  13
16777216	 524288		  19
16777216	1048576		  25
16777216	2097152		   8
16777216	4194304		   6
16777216	8388608		   1
Size of memory array: 33554432
33554432	      4		   1
33554432	      8		   1
33554432	     16		   3
33554432	     32		   6
33554432	     64		  12
33554432	    128		  15
33554432	    256		  16
33554432	    512		  14
33554432	   1024		  14
33554432	   2048		  17
33554432	   4096		  22
33554432	   8192		  28
33554432	  16384		  31
33554432	  32768		  33
33554432	  65536		  39
33554432	 131072		  42
33554432	 262144		  39
33554432	 524288		  20
33554432	1048576		  35
33554432	2097152		  30
33554432	4194304		   8
33554432	8388608		   6
33554432	16777216		   1
Size of memory array: 67108864
67108864	      4		   1
67108864	      8		   1
67108864	     16		   3
67108864	     32		   6
67108864	     64		  12
67108864	    128		  16
67108864	    256		  18
67108864	    512		  15
67108864	   1024		  15
67108864	   2048		  18
67108864	   4096		  23
67108864	   8192		  24
67108864	  16384		  25
67108864	  32768		  24
67108864	  65536		  24
67108864	 131072		  28
67108864	 262144		  33
67108864	 524288		  44
67108864	1048576		  36
67108864	2097152		  36
67108864	4194304		  29
67108864	8388608		   8
67108864	16777216		   6
67108864	33554432		   1
Size of memory array: 134217728
134217728	      4		   1
134217728	      8		   1
134217728	     16		   3
134217728	     32		   6
134217728	     64		  12
134217728	    128		  16
134217728	    256		  18
134217728	    512		  15
134217728	   1024		  16
134217728	   2048		  18
134217728	   4096		  22
134217728	   8192		  24
134217728	  16384		  25
134217728	  32768		  25
134217728	  65536		  25
134217728	 131072		  29
134217728	 262144		  42
134217728	 524288		  63
134217728	1048576		 120
134217728	2097152		  48
134217728	4194304		  36
134217728	8388608		  29
134217728	16777216		   8
134217728	33554432		   6
134217728	67108864		   1
Size of memory array: 268435456
268435456	      4		   1
268435456	      8		   1
268435456	     16		   3
268435456	     32		   6
268435456	     64		  12
268435456	    128		  16
268435456	    256		  19
268435456	    512		  15
268435456	   1024		  16
268435456	   2048		  18
268435456	   4096		  22
268435456	   8192		  25
268435456	  16384		  25
268435456	  32768		  25
268435456	  65536		  25
268435456	 131072		  29
268435456	 262144		  46
268435456	 524288		  80
268435456	1048576		 154
268435456	2097152		 121
268435456	4194304		  46
268435456	8388608		  36
268435456	16777216		  25
268435456	33554432		   8
268435456	67108864		   6
268435456	134217728		   1
Size of memory array: 536870912
536870912	      4		   1
536870912	      8		   1
536870912	     16		   3
536870912	     32		   6
536870912	     64		  13
536870912	    128		  16
536870912	    256		  19
536870912	    512		  15
536870912	   1024		  16
536870912	   2048		  18
536870912	   4096		  22
536870912	   8192		  24
536870912	  16384		  25
536870912	  32768		  25
536870912	  65536		  26
536870912	 131072		  30
536870912	 262144		  48
536870912	 524288		  88
536870912	1048576		 171
536870912	2097152		 155
536870912	4194304		 121
536870912	8388608		  56
536870912	16777216		  36
536870912	33554432		  24
536870912	67108864		   8
536870912	134217728		   6
536870912	268435456		   1
