Size of memory array: 1024
   1024	      4		   2
   1024	      8		   2
   1024	     16		   2
   1024	     32		   2
   1024	     64		   1
   1024	    128		   2
   1024	    256		   1
   1024	    512		   2
Size of memory array: 2048
   2048	      4		   2
   2048	      8		   2
   2048	     16		   2
   2048	     32		   2
   2048	     64		   2
   2048	    128		   1
   2048	    256		   2
   2048	    512		   2
   2048	   1024		   2
Size of memory array: 4096
   4096	      4		   2
   4096	      8		   2
   4096	     16		   2
   4096	     32		   2
   4096	     64		   2
   4096	    128		   2
   4096	    256		   2
   4096	    512		   2
   4096	   1024		   1
   4096	   2048		   2
Size of memory array: 8192
   8192	      4		   2
   8192	      8		   2
   8192	     16		   2
   8192	     32		   2
   8192	     64		   2
   8192	    128		   2
   8192	    256		   2
   8192	    512		   2
   8192	   1024		   2
   8192	   2048		   1
   8192	   4096		   2
Size of memory array: 16384
  16384	      4		   2
  16384	      8		   2
  16384	     16		   2
  16384	     32		   2
  16384	     64		   2
  16384	    128		   2
  16384	    256		   2
  16384	    512		   2
  16384	   1024		   2
  16384	   2048		   3
  16384	   4096		   3
  16384	   8192		   2
Size of memory array: 32768
  32768	      4		   2
  32768	      8		   2
  32768	     16		   2
  32768	     32		   2
  32768	     64		   2
  32768	    128		   2
  32768	    256		   2
  32768	    512		   2
  32768	   1024		   2
  32768	   2048		   3
  32768	   4096		   4
  32768	   8192		   2
  32768	  16384		   2
Size of memory array: 65536
  65536	      4		   2
  65536	      8		   2
  65536	     16		   2
  65536	     32		   4
  65536	     64		   9
  65536	    128		   8
  65536	    256		   9
  65536	    512		   9
  65536	   1024		  14
  65536	   2048		  12
  65536	   4096		  20
  65536	   8192		   4
  65536	  16384		   3
  65536	  32768		   2
Size of memory array: 131072
 131072	      4		   2
 131072	      8		   2
 131072	     16		   2
 131072	     32		   4
 131072	     64		   9
 131072	    128		   9
 131072	    256		   9
 131072	    512		   9
 131072	   1024		  15
 131072	   2048		  20
 131072	   4096		  24
 131072	   8192		  17
 131072	  16384		   4
 131072	  32768		   2
 131072	  65536		   2
Size of memory array: 262144
 262144	      4		   2
 262144	      8		   2
 262144	     16		   3
 262144	     32		   5
 262144	     64		  10
 262144	    128		  10
 262144	    256		  10
 262144	    512		   9
 262144	   1024		  16
 262144	   2048		  22
 262144	   4096		  34
 262144	   8192		  23
 262144	  16384		  17
 262144	  32768		   4
 262144	  65536		   2
 262144	 131072		   3
Size of memory array: 524288
 524288	      4		   2
 524288	      8		   2
 524288	     16		   3
 524288	     32		   6
 524288	     64		  12
 524288	    128		  13
 524288	    256		  13
 524288	    512		  11
 524288	   1024		  17
 524288	   2048		  22
 524288	   4096		  32
 524288	   8192		  31
 524288	  16384		  27
 524288	  32768		  20
 524288	  65536		   6
 524288	 131072		   2
 524288	 262144		   3
Size of memory array: 1048576
1048576	      4		   2
1048576	      8		   2
1048576	     16		   3
1048576	     32		   6
1048576	     64		  12
1048576	    128		  13
1048576	    256		  14
1048576	    512		  11
1048576	   1024		  17
1048576	   2048		  22
1048576	   4096		  32
1048576	   8192		  32
1048576	  16384		  32
1048576	  32768		  26
1048576	  65536		  19
1048576	 131072		   6
1048576	 262144		   2
1048576	 524288		   2
Size of memory array: 2097152
2097152	      4		   2
2097152	      8		   2
2097152	     16		   3
2097152	     32		   6
2097152	     64		  12
2097152	    128		  13
2097152	    256		  14
2097152	    512		  11
2097152	   1024		  18
2097152	   2048		  22
2097152	   4096		  33
2097152	   8192		  32
2097152	  16384		  32
2097152	  32768		  31
2097152	  65536		  27
2097152	 131072		  20
2097152	 262144		   6
2097152	 524288		   2
2097152	1048576		   2
Size of memory array: 4194304
4194304	      4		   2
4194304	      8		   2
4194304	     16		   3
4194304	     32		   6
4194304	     64		  12
4194304	    128		  13
4194304	    256		  14
4194304	    512		  11
4194304	   1024		  17
4194304	   2048		  22
4194304	   4096		  35
4194304	   8192		  34
4194304	  16384		  36
4194304	  32768		  33
4194304	  65536		  33
4194304	 131072		  30
4194304	 262144		  21
4194304	 524288		   4
4194304	1048576		   8
4194304	2097152		   2
Size of memory array: 8388608
8388608	      4		   2
8388608	      8		   2
8388608	     16		   3
8388608	     32		   6
8388608	     64		  14
8388608	    128		  15
8388608	    256		  16
8388608	    512		  12
8388608	   1024		  18
8388608	   2048		  24
8388608	   4096		  38
8388608	   8192		  36
8388608	  16384		  37
8388608	  32768		  36
8388608	  65536		  33
8388608	 131072		  29
8388608	 262144		  27
8388608	 524288		  27
8388608	1048576		  13
8388608	2097152		  12
8388608	4194304		   2
Size of memory array: 16777216
16777216	      4		   2
16777216	      8		   2
16777216	     16		   4
16777216	     32		   8
16777216	     64		  17
16777216	    128		  20
16777216	    256		  21
16777216	    512		  17
16777216	   1024		  22
16777216	   2048		  27
16777216	   4096		  43
16777216	   8192		  43
16777216	  16384		  41
16777216	  32768		  43
16777216	  65536		  43
16777216	 131072		  39
16777216	 262144		  25
16777216	 524288		  37
16777216	1048576		  50
16777216	2097152		  15
16777216	4194304		  13
16777216	8388608		   2
Size of memory array: 33554432
33554432	      4		   2
33554432	      8		   2
33554432	     16		   4
33554432	     32		   9
33554432	     64		  19
33554432	    128		  24
33554432	    256		  25
33554432	    512		  20
33554432	   1024		  22
33554432	   2048		  30
33554432	   4096		  43
33554432	   8192		  43
33554432	  16384		  42
33554432	  32768		  45
33554432	  65536		  44
33554432	 131072		  41
33554432	 262144		  47
33554432	 524288		  38
33554432	1048576		  67
33554432	2097152		  56
33554432	4194304		  15
33554432	8388608		  12
33554432	16777216		   2
Size of memory array: 67108864
67108864	      4		   2
67108864	      8		   2
67108864	     16		   4
67108864	     32		  10
67108864	     64		  20
67108864	    128		  25
67108864	    256		  26
67108864	    512		  22
67108864	   1024		  23
67108864	   2048		  30
67108864	   4096		  41
67108864	   8192		  42
67108864	  16384		  42
67108864	  32768		  44
67108864	  65536		  44
67108864	 131072		  41
67108864	 262144		  49
67108864	 524288		  76
67108864	1048576		  70
67108864	2097152		  70
67108864	4194304		  57
67108864	8388608		  15
67108864	16777216		  12
67108864	33554432		   2
Size of memory array: 134217728
134217728	      4		   2
134217728	      8		   2
134217728	     16		   4
134217728	     32		   9
134217728	     64		  20
134217728	    128		  25
134217728	    256		  27
134217728	    512		  22
134217728	   1024		  23
134217728	   2048		  31
134217728	   4096		  41
134217728	   8192		  42
134217728	  16384		  42
134217728	  32768		  43
134217728	  65536		  45
134217728	 131072		  42
134217728	 262144		  50
134217728	 524288		  77
134217728	1048576		 127
134217728	2097152		  90
134217728	4194304		  70
134217728	8388608		  57
134217728	16777216		  15
134217728	33554432		  12
134217728	67108864		   2
Size of memory array: 268435456
268435456	      4		   2
268435456	      8		   2
268435456	     16		   4
268435456	     32		   9
268435456	     64		  20
268435456	    128		  25
268435456	    256		  27
268435456	    512		  23
268435456	   1024		  24
268435456	   2048		  31
268435456	   4096		  41
268435456	   8192		  42
268435456	  16384		  42
268435456	  32768		  44
268435456	  65536		  45
268435456	 131072		  43
268435456	 262144		  50
268435456	 524288		  85
268435456	1048576		 159
268435456	2097152		 129
268435456	4194304		  94
268435456	8388608		  69
268435456	16777216		  47
268435456	33554432		  15
268435456	67108864		  12
268435456	134217728		   2
Size of memory array: 536870912
536870912	      4		   2
536870912	      8		   2
536870912	     16		   4
536870912	     32		   9
536870912	     64		  20
536870912	    128		  25
536870912	    256		  27
536870912	    512		  22
536870912	   1024		  23
536870912	   2048		  30
536870912	   4096		  41
536870912	   8192		  43
536870912	  16384		  42
536870912	  32768		  44
536870912	  65536		  45
536870912	 131072		  43
536870912	 262144		  50
536870912	 524288		  92
536870912	1048576		 175
536870912	2097152		 159
536870912	4194304		 129
536870912	8388608		  97
536870912	16777216		  69
536870912	33554432		  46
536870912	67108864		  15
536870912	134217728		  12
536870912	268435456		   2
