Size of memory array: 1024
   1024	      4		   1
   1024	      8		   2
   1024	     16		   1
   1024	     32		   1
   1024	     64		   1
   1024	    128		   2
   1024	    256		   1
   1024	    512		   2
Size of memory array: 2048
   2048	      4		   1
   2048	      8		   1
   2048	     16		   1
   2048	     32		   1
   2048	     64		   1
   2048	    128		   1
   2048	    256		   1
   2048	    512		   1
   2048	   1024		   1
Size of memory array: 4096
   4096	      4		   1
   4096	      8		   1
   4096	     16		   1
   4096	     32		   1
   4096	     64		   1
   4096	    128		   1
   4096	    256		   1
   4096	    512		   2
   4096	   1024		   1
   4096	   2048		   1
Size of memory array: 8192
   8192	      4		   1
   8192	      8		   1
   8192	     16		   1
   8192	     32		   1
   8192	     64		   1
   8192	    128		   1
   8192	    256		   1
   8192	    512		   1
   8192	   1024		   2
   8192	   2048		   1
   8192	   4096		   2
Size of memory array: 16384
  16384	      4		   1
  16384	      8		   1
  16384	     16		   1
  16384	     32		   1
  16384	     64		   1
  16384	    128		   1
  16384	    256		   1
  16384	    512		   2
  16384	   1024		   2
  16384	   2048		   2
  16384	   4096		   2
  16384	   8192		   2
Size of memory array: 32768
  32768	      4		   1
  32768	      8		   1
  32768	     16		   1
  32768	     32		   1
  32768	     64		   1
  32768	    128		   1
  32768	    256		   1
  32768	    512		   1
  32768	   1024		   2
  32768	   2048		   2
  32768	   4096		   3
  32768	   8192		   2
  32768	  16384		   2
Size of memory array: 65536
  65536	      4		   2
  65536	      8		   2
  65536	     16		   2
  65536	     32		   3
  65536	     64		   7
  65536	    128		   7
  65536	    256		   7
  65536	    512		   7
  65536	   1024		  11
  65536	   2048		  12
  65536	   4096		  14
  65536	   8192		   4
  65536	  16384		   2
  65536	  32768		   2
Size of memory array: 131072
 131072	      4		   1
 131072	      8		   2
 131072	     16		   2
 131072	     32		   3
 131072	     64		   7
 131072	    128		   7
 131072	    256		   7
 131072	    512		   7
 131072	   1024		  11
 131072	   2048		  15
 131072	   4096		  19
 131072	   8192		  15
 131072	  16384		   3
 131072	  32768		   2
 131072	  65536		   2
Size of memory array: 262144
 262144	      4		   2
 262144	      8		   2
 262144	     16		   2
 262144	     32		   4
 262144	     64		   8
 262144	    128		   8
 262144	    256		   8
 262144	    512		   7
 262144	   1024		  12
 262144	   2048		  17
 262144	   4096		  26
 262144	   8192		  22
 262144	  16384		  13
 262144	  32768		   3
 262144	  65536		   2
 262144	 131072		   2
Size of memory array: 524288
 524288	      4		   2
 524288	      8		   2
 524288	     16		   2
 524288	     32		   4
 524288	     64		   9
 524288	    128		  10
 524288	    256		  10
 524288	    512		   8
 524288	   1024		  13
 524288	   2048		  17
 524288	   4096		  25
 524288	   8192		  23
 524288	  16384		  21
 524288	  32768		  15
 524288	  65536		   5
 524288	 131072		   2
 524288	 262144		   2
Size of memory array: 1048576
1048576	      4		   2
1048576	      8		   2
1048576	     16		   2
1048576	     32		   4
1048576	     64		   9
1048576	    128		  10
1048576	    256		  11
1048576	    512		   8
1048576	   1024		  14
1048576	   2048		  17
1048576	   4096		  25
1048576	   8192		  25
1048576	  16384		  23
1048576	  32768		  21
1048576	  65536		  16
1048576	 131072		   5
1048576	 262144		   2
1048576	 524288		   2
Size of memory array: 2097152
2097152	      4		   2
2097152	      8		   2
2097152	     16		   2
2097152	     32		   4
2097152	     64		   9
2097152	    128		  10
2097152	    256		  11
2097152	    512		   8
2097152	   1024		  14
2097152	   2048		  17
2097152	   4096		  25
2097152	   8192		  25
2097152	  16384		  25
2097152	  32768		  24
2097152	  65536		  20
2097152	 131072		  15
2097152	 262144		   5
2097152	 524288		   2
2097152	1048576		   2
Size of memory array: 4194304
4194304	      4		   1
4194304	      8		   2
4194304	     16		   2
4194304	     32		   4
4194304	     64		   9
4194304	    128		  10
4194304	    256		  11
4194304	    512		   9
4194304	   1024		  14
4194304	   2048		  17
4194304	   4096		  27
4194304	   8192		  27
4194304	  16384		  27
4194304	  32768		  25
4194304	  65536		  25
4194304	 131072		  25
4194304	 262144		  16
4194304	 524288		   3
4194304	1048576		   6
4194304	2097152		   2
Size of memory array: 8388608
8388608	      4		   2
8388608	      8		   2
8388608	     16		   2
8388608	     32		   5
8388608	     64		  10
8388608	    128		  11
8388608	    256		  12
8388608	    512		   9
8388608	   1024		  14
8388608	   2048		  18
8388608	   4096		  29
8388608	   8192		  28
8388608	  16384		  27
8388608	  32768		  28
8388608	  65536		  26
8388608	 131072		  22
8388608	 262144		  22
8388608	 524288		  23
8388608	1048576		  10
8388608	2097152		   9
8388608	4194304		   2
Size of memory array: 16777216
16777216	      4		   2
16777216	      8		   2
16777216	     16		   3
16777216	     32		   7
16777216	     64		  14
16777216	    128		  16
16777216	    256		  17
16777216	    512		  14
16777216	   1024		  16
16777216	   2048		  21
16777216	   4096		  33
16777216	   8192		  35
16777216	  16384		  35
16777216	  32768		  39
16777216	  65536		  42
16777216	 131072		  36
16777216	 262144		  20
16777216	 524288		  30
16777216	1048576		  38
16777216	2097152		  12
16777216	4194304		   9
16777216	8388608		   2
Size of memory array: 33554432
33554432	      4		   1
33554432	      8		   2
33554432	     16		   3
33554432	     32		   7
33554432	     64		  15
33554432	    128		  20
33554432	    256		  20
33554432	    512		  19
33554432	   1024		  18
33554432	   2048		  23
33554432	   4096		  32
33554432	   8192		  33
33554432	  16384		  33
33554432	  32768		  34
33554432	  65536		  35
33554432	 131072		  34
33554432	 262144		  38
33554432	 524288		  29
33554432	1048576		  50
33554432	2097152		  43
33554432	4194304		  12
33554432	8388608		   9
33554432	16777216		   2
Size of memory array: 67108864
67108864	      4		   2
67108864	      8		   2
67108864	     16		   3
67108864	     32		   8
67108864	     64		  16
67108864	    128		  21
67108864	    256		  22
67108864	    512		  18
67108864	   1024		  19
67108864	   2048		  24
67108864	   4096		  32
67108864	   8192		  33
67108864	  16384		  33
67108864	  32768		  34
67108864	  65536		  34
67108864	 131072		  34
67108864	 262144		  39
67108864	 524288		  63
67108864	1048576		  52
67108864	2097152		  52
67108864	4194304		  42
67108864	8388608		  11
67108864	16777216		   9
67108864	33554432		   2
Size of memory array: 134217728
134217728	      4		   1
134217728	      8		   2
134217728	     16		   3
134217728	     32		   8
134217728	     64		  16
134217728	    128		  21
134217728	    256		  23
134217728	    512		  19
134217728	   1024		  20
134217728	   2048		  24
134217728	   4096		  32
134217728	   8192		  33
134217728	  16384		  33
134217728	  32768		  34
134217728	  65536		  35
134217728	 131072		  35
134217728	 262144		  43
134217728	 524288		  67
134217728	1048576		 124
134217728	2097152		  72
134217728	4194304		  53
134217728	8388608		  42
134217728	16777216		  11
134217728	33554432		   9
134217728	67108864		   2
Size of memory array: 268435456
268435456	      4		   1
268435456	      8		   2
268435456	     16		   3
268435456	     32		   7
268435456	     64		  16
268435456	    128		  21
268435456	    256		  23
268435456	    512		  19
268435456	   1024		  20
268435456	   2048		  25
268435456	   4096		  32
268435456	   8192		  33
268435456	  16384		  33
268435456	  32768		  35
268435456	  65536		  36
268435456	 131072		  35
268435456	 262144		  46
268435456	 524288		  82
268435456	1048576		 159
268435456	2097152		 126
268435456	4194304		  66
268435456	8388608		  53
268435456	16777216		  35
268435456	33554432		  11
268435456	67108864		   9
268435456	134217728		   2
Size of memory array: 536870912
536870912	      4		   1
536870912	      8		   2
536870912	     16		   3
536870912	     32		   7
536870912	     64		  16
536870912	    128		  21
536870912	    256		  23
536870912	    512		  19
536870912	   1024		  20
536870912	   2048		  25
536870912	   4096		  32
536870912	   8192		  34
536870912	  16384		  33
536870912	  32768		  35
536870912	  65536		  36
536870912	 131072		  35
536870912	 262144		  48
536870912	 524288		  89
536870912	1048576		 176
536870912	2097152		 160
536870912	4194304		 126
536870912	8388608		  75
536870912	16777216		  53
536870912	33554432		  35
536870912	67108864		  11
536870912	134217728		   9
536870912	268435456		   2
