Size of memory array: 1024
   1024	      4		   2
   1024	      8		   2
   1024	     16		   2
   1024	     32		   1
   1024	     64		   1
   1024	    128		   2
   1024	    256		   1
   1024	    512		   1
Size of memory array: 2048
   2048	      4		   2
   2048	      8		   2
   2048	     16		   2
   2048	     32		   1
   2048	     64		   1
   2048	    128		   1
   2048	    256		   2
   2048	    512		   1
   2048	   1024		   1
Size of memory array: 4096
   4096	      4		   2
   4096	      8		   2
   4096	     16		   2
   4096	     32		   2
   4096	     64		   1
   4096	    128		   1
   4096	    256		   1
   4096	    512		   2
   4096	   1024		   1
   4096	   2048		   1
Size of memory array: 8192
   8192	      4		   2
   8192	      8		   2
   8192	     16		   2
   8192	     32		   2
   8192	     64		   2
   8192	    128		   1
   8192	    256		   1
   8192	    512		   2
   8192	   1024		   2
   8192	   2048		   1
   8192	   4096		   2
Size of memory array: 16384
  16384	      4		   2
  16384	      8		   2
  16384	     16		   2
  16384	     32		   2
  16384	     64		   2
  16384	    128		   2
  16384	    256		   1
  16384	    512		   2
  16384	   1024		   2
  16384	   2048		   2
  16384	   4096		   2
  16384	   8192		   2
Size of memory array: 32768
  32768	      4		   2
  32768	      8		   2
  32768	     16		   2
  32768	     32		   2
  32768	     64		   2
  32768	    128		   2
  32768	    256		   2
  32768	    512		   2
  32768	   1024		   2
  32768	   2048		   2
  32768	   4096		   3
  32768	   8192		   2
  32768	  16384		   2
Size of memory array: 65536
  65536	      4		   2
  65536	      8		   2
  65536	     16		   2
  65536	     32		   3
  65536	     64		   8
  65536	    128		   8
  65536	    256		   7
  65536	    512		   7
  65536	   1024		  13
  65536	   2048		  11
  65536	   4096		  16
  65536	   8192		   3
  65536	  16384		   2
  65536	  32768		   2
Size of memory array: 131072
 131072	      4		   2
 131072	      8		   2
 131072	     16		   2
 131072	     32		   3
 131072	     64		   8
 131072	    128		   8
 131072	    256		   8
 131072	    512		   8
 131072	   1024		  13
 131072	   2048		  17
 131072	   4096		  22
 131072	   8192		  18
 131072	  16384		   3
 131072	  32768		   2
 131072	  65536		   2
Size of memory array: 262144
 262144	      4		   2
 262144	      8		   2
 262144	     16		   2
 262144	     32		   4
 262144	     64		   9
 262144	    128		   9
 262144	    256		   9
 262144	    512		   8
 262144	   1024		  14
 262144	   2048		  19
 262144	   4096		  27
 262144	   8192		  22
 262144	  16384		  16
 262144	  32768		   3
 262144	  65536		   2
 262144	 131072		   2
Size of memory array: 524288
 524288	      4		   2
 524288	      8		   2
 524288	     16		   3
 524288	     32		   5
 524288	     64		  11
 524288	    128		  12
 524288	    256		  12
 524288	    512		  10
 524288	   1024		  16
 524288	   2048		  20
 524288	   4096		  30
 524288	   8192		  28
 524288	  16384		  25
 524288	  32768		  18
 524288	  65536		   5
 524288	 131072		   2
 524288	 262144		   2
Size of memory array: 1048576
1048576	      4		   2
1048576	      8		   2
1048576	     16		   3
1048576	     32		   5
1048576	     64		  11
1048576	    128		  12
1048576	    256		  12
1048576	    512		  10
1048576	   1024		  15
1048576	   2048		  20
1048576	   4096		  31
1048576	   8192		  30
1048576	  16384		  30
1048576	  32768		  25
1048576	  65536		  19
1048576	 131072		   7
1048576	 262144		   7
1048576	 524288		   2
Size of memory array: 2097152
2097152	      4		   2
2097152	      8		   2
2097152	     16		   3
2097152	     32		   5
2097152	     64		  11
2097152	    128		  12
2097152	    256		  12
2097152	    512		  10
2097152	   1024		  16
2097152	   2048		  20
2097152	   4096		  31
2097152	   8192		  32
2097152	  16384		  31
2097152	  32768		  29
2097152	  65536		  25
2097152	 131072		  18
2097152	 262144		   6
2097152	 524288		   2
2097152	1048576		   2
Size of memory array: 4194304
4194304	      4		   2
4194304	      8		   2
4194304	     16		   3
4194304	     32		   5
4194304	     64		  11
4194304	    128		  12
4194304	    256		  12
4194304	    512		  10
4194304	   1024		  16
4194304	   2048		  20
4194304	   4096		  32
4194304	   8192		  32
4194304	  16384		  32
4194304	  32768		  31
4194304	  65536		  29
4194304	 131072		  27
4194304	 262144		  17
4194304	 524288		   3
4194304	1048576		   7
4194304	2097152		   2
Size of memory array: 8388608
8388608	      4		   2
8388608	      8		   2
8388608	     16		   3
8388608	     32		   6
8388608	     64		  13
8388608	    128		  15
8388608	    256		  17
8388608	    512		  14
8388608	   1024		  18
8388608	   2048		  23
8388608	   4096		  36
8388608	   8192		  34
8388608	  16384		  33
8388608	  32768		  33
8388608	  65536		  30
8388608	 131072		  27
8388608	 262144		  25
8388608	 524288		  25
8388608	1048576		  12
8388608	2097152		  11
8388608	4194304		   2
Size of memory array: 16777216
16777216	      4		   2
16777216	      8		   2
16777216	     16		   4
16777216	     32		   8
16777216	     64		  16
16777216	    128		  18
16777216	    256		  19
16777216	    512		  15
16777216	   1024		  19
16777216	   2048		  25
16777216	   4096		  39
16777216	   8192		  39
16777216	  16384		  37
16777216	  32768		  41
16777216	  65536		  37
16777216	 131072		  37
16777216	 262144		  24
16777216	 524288		  35
16777216	1048576		  45
16777216	2097152		  14
16777216	4194304		  10
16777216	8388608		   2
Size of memory array: 33554432
33554432	      4		   2
33554432	      8		   2
33554432	     16		   4
33554432	     32		   8
33554432	     64		  18
33554432	    128		  21
33554432	    256		  22
33554432	    512		  19
33554432	   1024		  19
33554432	   2048		  27
33554432	   4096		  37
33554432	   8192		  38
33554432	  16384		  37
33554432	  32768		  39
33554432	  65536		  39
33554432	 131072		  37
33554432	 262144		  44
33554432	 524288		  34
33554432	1048576		  60
33554432	2097152		  50
33554432	4194304		  13
33554432	8388608		  11
33554432	16777216		   2
Size of memory array: 67108864
67108864	      4		   2
67108864	      8		   2
67108864	     16		   4
67108864	     32		   8
67108864	     64		  18
67108864	    128		  22
67108864	    256		  24
67108864	    512		  20
67108864	   1024		  21
67108864	   2048		  27
67108864	   4096		  37
67108864	   8192		  38
67108864	  16384		  37
67108864	  32768		  39
67108864	  65536		  40
67108864	 131072		  38
67108864	 262144		  45
67108864	 524288		  68
67108864	1048576		  62
67108864	2097152		  63
67108864	4194304		  51
67108864	8388608		  13
67108864	16777216		  11
67108864	33554432		   2
Size of memory array: 134217728
134217728	      4		   1
134217728	      8		   2
134217728	     16		   4
134217728	     32		   8
134217728	     64		  18
134217728	    128		  23
134217728	    256		  25
134217728	    512		  21
134217728	   1024		  22
134217728	   2048		  28
134217728	   4096		  37
134217728	   8192		  38
134217728	  16384		  37
134217728	  32768		  40
134217728	  65536		  40
134217728	 131072		  40
134217728	 262144		  47
134217728	 524288		  71
134217728	1048576		 124
134217728	2097152		  82
134217728	4194304		  63
134217728	8388608		  51
134217728	16777216		  13
134217728	33554432		  11
134217728	67108864		   2
Size of memory array: 268435456
268435456	      4		   2
268435456	      8		   2
268435456	     16		   4
268435456	     32		   8
268435456	     64		  18
268435456	    128		  23
268435456	    256		  25
268435456	    512		  21
268435456	   1024		  22
268435456	   2048		  28
268435456	   4096		  37
268435456	   8192		  38
268435456	  16384		  38
268435456	  32768		  40
268435456	  65536		  40
268435456	 131072		  40
268435456	 262144		  47
268435456	 524288		  82
268435456	1048576		 157
268435456	2097152		 126
268435456	4194304		  74
268435456	8388608		  62
268435456	16777216		  42
268435456	33554432		  14
268435456	67108864		  11
268435456	134217728		   2
Size of memory array: 536870912
536870912	      4		   2
536870912	      8		   2
536870912	     16		   4
536870912	     32		   8
536870912	     64		  18
536870912	    128		  23
536870912	    256		  25
536870912	    512		  21
536870912	   1024		  21
536870912	   2048		  28
536870912	   4096		  37
536870912	   8192		  38
536870912	  16384		  38
536870912	  32768		  40
536870912	  65536		  40
536870912	 131072		  40
536870912	 262144		  49
536870912	 524288		  90
536870912	1048576		 174
536870912	2097152		 158
536870912	4194304		 125
536870912	8388608		  77
536870912	16777216		  63
536870912	33554432		  42
536870912	67108864		  13
536870912	134217728		  11
536870912	268435456		   2
