Size of memory array: 1024
   1024	      4		   2
   1024	      8		   3
   1024	     16		   2
   1024	     32		   2
   1024	     64		   2
   1024	    128		   2
   1024	    256		   2
   1024	    512		   3
Size of memory array: 2048
   2048	      4		   3
   2048	      8		   3
   2048	     16		   3
   2048	     32		   2
   2048	     64		   2
   2048	    128		   2
   2048	    256		   2
   2048	    512		   2
   2048	   1024		   2
Size of memory array: 4096
   4096	      4		   3
   4096	      8		   3
   4096	     16		   3
   4096	     32		   3
   4096	     64		   2
   4096	    128		   2
   4096	    256		   2
   4096	    512		   2
   4096	   1024		   2
   4096	   2048		   3
Size of memory array: 8192
   8192	      4		   3
   8192	      8		   3
   8192	     16		   3
   8192	     32		   3
   8192	     64		   3
   8192	    128		   2
   8192	    256		   2
   8192	    512		   2
   8192	   1024		   2
   8192	   2048		   2
   8192	   4096		   3
Size of memory array: 16384
  16384	      4		   3
  16384	      8		   3
  16384	     16		   3
  16384	     32		   3
  16384	     64		   3
  16384	    128		   3
  16384	    256		   3
  16384	    512		   2
  16384	   1024		   3
  16384	   2048		   4
  16384	   4096		   4
  16384	   8192		   4
Size of memory array: 32768
  32768	      4		   3
  32768	      8		   3
  32768	     16		   3
  32768	     32		   3
  32768	     64		   3
  32768	    128		   3
  32768	    256		   3
  32768	    512		   2
  32768	   1024		   3
  32768	   2048		   4
  32768	   4096		   6
  32768	   8192		  12
  32768	  16384		   4
Size of memory array: 65536
  65536	      4		   3
  65536	      8		   3
  65536	     16		   3
  65536	     32		   5
  65536	     64		  12
  65536	    128		  12
  65536	    256		  12
  65536	    512		  12
  65536	   1024		  20
  65536	   2048		  22
  65536	   4096		  30
  65536	   8192		   6
  65536	  16384		   4
  65536	  32768		   4
Size of memory array: 131072
 131072	      4		   3
 131072	      8		   3
 131072	     16		   3
 131072	     32		   5
 131072	     64		  12
 131072	    128		  12
 131072	    256		  12
 131072	    512		  12
 131072	   1024		  21
 131072	   2048		  28
 131072	   4096		  37
 131072	   8192		  29
 131072	  16384		   5
 131072	  32768		   3
 131072	  65536		   4
Size of memory array: 262144
 262144	      4		   3
 262144	      8		   3
 262144	     16		   3
 262144	     32		   6
 262144	     64		  13
 262144	    128		  13
 262144	    256		  13
 262144	    512		  12
 262144	   1024		  22
 262144	   2048		  30
 262144	   4096		  44
 262144	   8192		  37
 262144	  16384		  26
 262144	  32768		   5
 262144	  65536		   4
 262144	 131072		   4
Size of memory array: 524288
 524288	      4		   3
 524288	      8		   3
 524288	     16		   3
 524288	     32		   7
 524288	     64		  16
 524288	    128		  18
 524288	    256		  18
 524288	    512		  14
 524288	   1024		  25
 524288	   2048		  32
 524288	   4096		  51
 524288	   8192		  45
 524288	  16384		  40
 524288	  32768		  30
 524288	  65536		   9
 524288	 131072		   3
 524288	 262144		   3
Size of memory array: 1048576
1048576	      4		   3
1048576	      8		   3
1048576	     16		   3
1048576	     32		   7
1048576	     64		  16
1048576	    128		  17
1048576	    256		  19
1048576	    512		  14
1048576	   1024		  24
1048576	   2048		  33
1048576	   4096		  53
1048576	   8192		  51
1048576	  16384		  47
1048576	  32768		  40
1048576	  65536		  29
1048576	 131072		   9
1048576	 262144		   3
1048576	 524288		   3
Size of memory array: 2097152
2097152	      4		   3
2097152	      8		   3
2097152	     16		   3
2097152	     32		   7
2097152	     64		  16
2097152	    128		  17
2097152	    256		  19
2097152	    512		  15
2097152	   1024		  24
2097152	   2048		  33
2097152	   4096		  51
2097152	   8192		  52
2097152	  16384		  48
2097152	  32768		  48
2097152	  65536		  39
2097152	 131072		  31
2097152	 262144		   9
2097152	 524288		   3
2097152	1048576		   3
Size of memory array: 4194304
4194304	      4		   3
4194304	      8		   3
4194304	     16		   3
4194304	     32		   7
4194304	     64		  16
4194304	    128		  17
4194304	    256		  19
4194304	    512		  15
4194304	   1024		  23
4194304	   2048		  32
4194304	   4096		  52
4194304	   8192		  52
4194304	  16384		  52
4194304	  32768		  52
4194304	  65536		  48
4194304	 131072		  45
4194304	 262144		  33
4194304	 524288		   5
4194304	1048576		  12
4194304	2097152		   3
Size of memory array: 8388608
8388608	      4		   2
8388608	      8		   3
8388608	     16		   4
8388608	     32		   8
8388608	     64		  16
8388608	    128		  19
8388608	    256		  20
8388608	    512		  15
8388608	   1024		  25
8388608	   2048		  33
8388608	   4096		  56
8388608	   8192		  53
8388608	  16384		  55
8388608	  32768		  55
8388608	  65536		  49
8388608	 131072		  44
8388608	 262144		  41
8388608	 524288		  45
8388608	1048576		  19
8388608	2097152		  17
8388608	4194304		   3
Size of memory array: 16777216
16777216	      4		   2
16777216	      8		   2
16777216	     16		   4
16777216	     32		  10
16777216	     64		  20
16777216	    128		  24
16777216	    256		  25
16777216	    512		  20
16777216	   1024		  27
16777216	   2048		  36
16777216	   4096		  58
16777216	   8192		  57
16777216	  16384		  56
16777216	  32768		  58
16777216	  65536		  57
16777216	 131072		  52
16777216	 262144		  40
16777216	 524288		  54
16777216	1048576		  70
16777216	2097152		  22
16777216	4194304		  16
16777216	8388608		   3
Size of memory array: 33554432
33554432	      4		   2
33554432	      8		   2
33554432	     16		   4
33554432	     32		  10
33554432	     64		  23
33554432	    128		  27
33554432	    256		  29
33554432	    512		  24
33554432	   1024		  28
33554432	   2048		  38
33554432	   4096		  56
33554432	   8192		  56
33554432	  16384		  56
33554432	  32768		  59
33554432	  65536		  58
33554432	 131072		  54
33554432	 262144		  63
33554432	 524288		  59
33554432	1048576		  97
33554432	2097152		  81
33554432	4194304		  22
33554432	8388608		  17
33554432	16777216		   3
Size of memory array: 67108864
67108864	      4		   2
67108864	      8		   2
67108864	     16		   4
67108864	     32		  10
67108864	     64		  23
67108864	    128		  29
67108864	    256		  31
67108864	    512		  25
67108864	   1024		  28
67108864	   2048		  39
67108864	   4096		  56
67108864	   8192		  56
67108864	  16384		  56
67108864	  32768		  59
67108864	  65536		  59
67108864	 131072		  55
67108864	 262144		  63
67108864	 524288		 104
67108864	1048576		 100
67108864	2097152		 102
67108864	4194304		  81
67108864	8388608		  22
67108864	16777216		  17
67108864	33554432		   3
Size of memory array: 134217728
134217728	      4		   2
134217728	      8		   2
134217728	     16		   4
134217728	     32		  10
134217728	     64		  23
134217728	    128		  30
134217728	    256		  32
134217728	    512		  27
134217728	   1024		  29
134217728	   2048		  38
134217728	   4096		  55
134217728	   8192		  56
134217728	  16384		  56
134217728	  32768		  59
134217728	  65536		  63
134217728	 131072		  57
134217728	 262144		  65
134217728	 524288		 104
134217728	1048576		 177
134217728	2097152		 116
134217728	4194304		 100
134217728	8388608		  80
134217728	16777216		  21
134217728	33554432		  17
134217728	67108864		   3
Size of memory array: 268435456
268435456	      4		   2
268435456	      8		   2
268435456	     16		   4
268435456	     32		  10
268435456	     64		  23
268435456	    128		  30
268435456	    256		  32
268435456	    512		  27
268435456	   1024		  29
268435456	   2048		  39
268435456	   4096		  55
268435456	   8192		  56
268435456	  16384		  56
268435456	  32768		  59
268435456	  65536		  61
268435456	 131072		  57
268435456	 262144		  65
268435456	 524288		 105
268435456	1048576		 180
268435456	2097152		 185
268435456	4194304		 108
268435456	8388608		 106
268435456	16777216		  72
268435456	33554432		  23
268435456	67108864		  18
268435456	134217728		   3
Size of memory array: 536870912
536870912	      4		   2
536870912	      8		   2
536870912	     16		   4
536870912	     32		  10
536870912	     64		  23
536870912	    128		  29
536870912	    256		  32
536870912	    512		  27
536870912	   1024		  29
536870912	   2048		  39
536870912	   4096		  55
536870912	   8192		  56
536870912	  16384		  56
536870912	  32768		  60
536870912	  65536		  61
536870912	 131072		  57
536870912	 262144		  66
536870912	 524288		 108
536870912	1048576		 183
536870912	2097152		 181
536870912	4194304		 176
536870912	8388608		 124
536870912	16777216		 106
536870912	33554432		  71
536870912	67108864		  23
536870912	134217728		  18
536870912	268435456		   3
