#Data of CPU Clock Frequency
#Sr No	CPU Speed
0	1932750
1	2032250
2	1900375
3	1810500
4	1772375
5	1800250
6	1825125
7	2089250
8	2100250
9	1900125
10	2039875
11	2000250
12	1900250
13	1814375
14	1800250
15	1815625
16	1800125
17	1900375
18	1962000
19	2000000
20	1931375
21	1900500
22	1943250
23	1888500
24	1800125
25	2100250
26	1800000
27	2137125
28	2183000
29	2003875
30	2171500
31	1912375
32	1900375
33	1843750
34	1800125
35	1719875
36	2200250
37	2100125
38	2151875
39	2187750
40	2200000
41	1945375
42	1900250
43	1900125
44	2000625
45	1800125
46	2024000
47	1845750
48	1984625
49	1961625
50	2200250
51	2107750
52	2115500
53	2000125
54	1900000
55	1896625
56	1796250
57	2100000
58	2153750
59	1982750
60	1900125
61	1867125
62	1770500
63	1730000
64	1735250
65	1896500
66	1789375
67	1889125
68	2200125
69	2200000
70	2008625
71	1853500
72	1700000
73	1694375
74	1875500
75	1731500
76	2010250
77	1884000
78	1900125
79	1858375
80	2284875
81	1885875
82	1800125
83	1614500
84	1700000
85	1700125
86	1671000
87	1829750
88	1966625
89	1800250
90	1800250
91	2171625
92	1911000
93	1700125
94	1600250
95	1600125
96	1700125
97	1686250
98	1761250
99	1978000
100	1896250
101	1942875
102	1977000
103	2085375
104	1987625
105	1773625
106	1600125
107	1726125
108	1700000
109	1862000
110	1719875
111	2000250
112	1951750
113	1943500
114	1966500
115	1871250
116	1968500
117	1824750
118	1700000
119	2200375
120	1614000
121	1678125
122	1700125
123	1700250
124	2000375
125	2000250
126	1954875
127	2000250
128	1959875
129	1900250
130	2129875
131	2015125
132	1600125
133	1624875
134	1700125
135	1700000
136	1977500
137	1800250
138	1800250
139	1900125
140	1900125
141	1882375
142	1966375
143	1808500
144	2125500
145	2100125
146	1888125
147	1536000
148	2200250
149	2032750
150	1753250
151	1769125
152	1700125
153	1877500
154	1838500
155	1900000
156	1936125
157	1900250
158	2028750
159	2100250
160	1912625
161	1717250
162	1611500
163	1726125
164	1690375
165	1700000
166	1747500
167	1728750
168	1729125
169	1800000
170	1801125
171	1988875
172	1875125
173	2000250
174	2000125
175	2000000
176	2200375
177	2221375
178	1920250
179	1725375
180	1672000
181	1565125
182	1671000
183	1679750
184	1752750
185	1952000
186	1894375
187	1784875
188	1847375
189	1794500
190	1800125
191	1800000
192	1779750
193	1800000
194	1842500
195	1808875
196	1916875
197	2076250
198	2086500
199	2186625
200	2200250
201	2211875
202	2231250
203	2212500
204	2012375
205	2200375
206	2287000
207	1971375
208	1791625
209	1612125
210	1565000
211	1621750
212	1607125
213	1700000
214	1700000
215	1799125
216	1759625
217	1958750
218	1808250
219	1800000
220	1800000
221	1740875
222	1756125
223	1710250
224	1730625
225	1798000
226	1800125
227	1800000
228	1800000
229	1800125
230	1812000
231	1800000
232	1800125
233	1800125
234	1800000
235	1800125
236	1800250
237	1808000
238	1900125
239	1925125
240	1929375
241	1986375
242	2010625
243	2028750
244	2025000
245	2104125
246	2116000
247	2182375
248	2147250
249	2180500
250	2136375
251	2300000
252	2219875
253	2299875
254	2300000
255	2208750
256	2246000
257	2289000
258	2206500
259	2200000
260	2208125
261	2200000
262	2218250
263	2214750
264	2200000
265	2211875
266	1919875
267	1776750
268	1648875
269	1810750
270	1600000
271	1700000
272	1810500
273	1676000
274	1689375
275	1700000
276	1700000
277	1710250
278	1700000
279	1700000
280	1771500
281	1768750
282	1779750
283	1786750
284	1862625
285	1824125
286	1800000
287	1916750
288	1800125
289	1808500
290	1800000
291	1700125
292	1700125
293	1755250
294	1794375
295	1738375
296	1766250
297	1774000
298	1766250
299	1605250
300	1753375
301	1888625
302	1771500
303	1777250
304	1728750
305	1800250
306	1720500
307	1800125
308	1788500
309	1795125
310	1771750
311	1717625
312	1785000
313	1800125
314	1800125
315	1837125
316	1800125
317	1800125
318	1812875
319	1706000
320	1829125
321	1809375
322	1829625
323	1808750
324	1880250
325	1872250
326	1962500
327	1905000
328	1974875
329	1971000
330	1900125
331	1899875
332	1899875
333	2038750
334	2100000
335	2100125
336	2100125
337	2100000
338	2092875
339	2099875
340	2056500
341	2100375
342	2171875
343	2173500
344	2137375
345	2169125
346	2198250
347	2200000
348	2199875
349	2200375
350	2200125
351	2200625
352	2200125
353	2113625
354	2186875
355	2215750
356	2200125
357	2291750
358	2221000
359	2284375
360	2284625
361	2200000
362	2212000
363	2200125
364	2284875
365	2240250
366	2249875
367	2278375
368	2248875
369	2286125
370	2297250
371	2200125
372	2226250
373	2235125
374	2280750
375	2240125
376	2200000
377	2299625
378	2253125
379	2200500
380	2206250
381	2252125
382	2211000
383	2200000
384	2226625
385	2266750
386	2223750
387	2204125
388	2200250
389	2200250
390	2292000
391	2200375
392	2243250
393	2200125
394	2280625
395	2243000
396	2217000
397	2200250
398	2199875
399	2200125
400	2288500
401	2258750
402	2212500
403	2200250
404	2231875
405	2200375
406	2200375
407	2200375
408	2199750
409	2220500
410	2207375
411	2200000
412	2200375
413	2000000
414	1800125
415	1631875
416	2100000
417	1669500
418	1647625
419	1697000
420	1700000
421	1700000
422	1681000
423	1697125
424	1614875
425	1700125
426	1634375
427	1658125
428	2155125
429	1786375
430	1725375
431	1711625
432	1800000
433	1794000
434	1760625
435	1770375
436	2200250
437	1800250
438	1800000
439	1726250
440	1700000
441	1800125
442	1769500
443	1730500
444	1735375
445	1811750
446	1840875
447	1827625
448	1892250
449	1839375
450	1812000
451	1806125
452	1808500
453	1870125
454	1818000
455	1873000
456	1869500
457	1887875
458	1881250
459	1899875
460	2149000
461	1814250
462	1800000
463	1800000
464	1702500
465	1800125
466	1812125
467	1799875
468	1800250
469	1799875
470	1800000
471	1800125
472	1800250
473	1834375
474	1800250
475	1800000
476	1805750
477	1800250
478	1800250
479	1800000
480	1932625
481	1800000
482	1800125
483	1800250
484	1810875
485	1830500
486	1800250
487	1799875
488	1800125
489	1800125
490	1807125
491	1800125
492	1800250
493	1799875
494	1800125
495	1811625
496	1799875
497	1837875
498	1830125
499	1800000
500	1817625
501	1825125
502	1844250
503	1800125
504	2176000
505	1838500
506	1778250
507	1828875
508	1828375
509	1822875
510	1827875
511	1799875
512	1800125
513	1800000
514	1799875
515	1800125
516	1858250
517	1859875
518	1900000
519	1857250
520	1872625
521	1840500
522	1821250
523	1838250
524	1870375
525	1799875
526	1854000
527	1843375
528	1847125
529	1912875
530	1999875
531	1954625
532	2000250
533	1927500
534	1936875
535	1947125
536	1986125
537	1953625
538	1984500
539	1912375
540	2000250
541	1938500
542	1958625
543	2122750
544	2153125
545	2151000
546	2151250
547	2100125
548	2110500
549	2100125
550	2112500
551	2134625
552	2164000
553	2100125
554	2100250
555	2100375
556	2100375
557	2161750
558	2100250
559	2099875
560	2100250
561	2100250
562	2254000
563	2211625
564	2241000
565	2241500
566	2194000
567	2254125
568	2251375
569	2200250
570	2200125
571	2200375
572	2200375
573	2226250
574	2218375
575	2203375
576	2211125
577	2247500
578	2200000
579	2206375
580	2200375
581	2200000
582	2249875
583	2211000
584	2200125
585	2200000
586	2210625
587	2212125
588	2259375
589	2200250
590	2199875
591	2200250
592	2154125
593	2200375
594	2199875
595	2221000
596	2300000
597	2300125
598	2299875
599	2300250
600	2300000
601	2321750
602	2299625
603	2300000
604	2273000
605	2300000
606	2300000
607	2300000
608	2299750
609	2283625
610	2257375
611	2294500
612	2238125
613	2296875
614	2241250
615	2299875
616	2300000
617	2299875
618	2296750
619	2300375
620	2247000
621	2267250
622	2278500
623	2283625
624	2238125
625	2299750
626	2204250
627	2269625
628	2274875
629	2290750
630	2274000
631	2278375
632	2200000
633	2297875
634	2297500
635	2288250
636	2293000
637	2264375
638	2221625
639	2253625
640	2300125
641	2215625
642	2208000
643	2299750
644	2300125
645	2280125
646	2300125
647	2225000
648	2270625
649	2267875
650	2300375
651	2200250
652	2218875
653	2280500
654	2242875
655	2239000
656	2262875
657	2299875
658	1900000
659	2242625
660	2271875
661	2299875
662	2209250
663	2245500
664	2271625
665	2300000
666	2293500
667	2231000
668	2252250
669	2299875
670	2300375
671	2202875
672	2241750
673	2289500
674	2300000
675	2255625
676	2294875
677	2209250
678	2286750
679	2300000
680	2235000
681	2300000
682	2300250
683	2267250
684	2219750
685	2300125
686	2300000
687	2300000
688	2298000
689	2300000
690	2302500
691	2300000
692	2299875
693	2299875
694	2299875
695	2300125
696	2300000
697	2300000
698	2260000
699	2300000
700	2300000
701	2259375
702	2300000
703	2300125
704	2300000
705	2261375
706	2271125
707	2299875
708	2300250
709	2285000
710	2300000
711	2277000
712	2271500
713	2253125
714	2200125
715	2222000
716	2229125
717	2261625
718	2241125
719	2244375
720	2226000
721	2276625
722	2276875
723	2286250
724	2300000
725	2300125
726	2262750
727	2300125
728	2300250
729	2213500
730	2299875
731	2271625
732	2292125
733	2243125
734	2240500
735	2219250
736	2212375
737	2200125
738	2200250
739	2112250
740	2200375
741	2199875
742	2200125
743	2269250
744	2200000
745	2199750
746	2258000
747	2200250
748	2200250
749	2200125
750	2200125
751	2200250
752	2200000
753	2200250
754	2182500
755	2170375
756	2135250
757	2100375
758	2194750
759	2139375
760	2129875
761	2187250
762	2200625
763	2106250
764	2186625
765	2196500
766	2170750
767	2236125
768	2200000
769	2210000
770	2200500
771	2011500
772	2226500
773	2228250
774	2206000
775	2239625
776	1935000
777	1971375
778	1730250
779	1731750
780	2000250
781	1676250
782	1657250
783	2100250
784	1650500
785	1600125
786	1600000
787	2099875
788	1700000
789	1637000
790	1697500
791	1700000
792	1669500
793	1682375
794	2000125
795	1675750
796	1690625
797	1700125
798	1660625
799	1630250
800	1641125
801	1643250
802	1642250
803	1621625
804	1700000
805	1690500
806	1687375
807	1800000
808	1710625
809	1733750
810	1700125
811	1733250
812	1726000
813	1730875
814	1778750
815	1726500
816	1733250
817	1700000
818	1706750
819	1709000
820	1762000
821	1730000
822	1700000
823	1800125
824	1800125
825	1734750
826	1763750
827	1800250
828	1736125
829	1788750
830	1761875
831	1775000
832	1800125
833	1743750
834	1772500
835	1800125
836	1800125
837	1800250
838	1800250
839	1800125
840	2166000
841	1885375
842	1885625
843	1886625
844	1900375
845	1870875
846	1836875
847	1835375
848	1872750
849	1830000
850	1829875
851	1887250
852	1899875
853	1870750
854	1900250
855	2200250
856	1874125
857	1857750
858	1879500
859	1883875
860	1877875
861	1853625
862	1885625
863	1841625
864	1821250
865	1729000
866	1878375
867	1897500
868	1862875
869	1893250
870	1893500
871	1833500
872	1800125
873	1767250
874	1711625
875	1800125
876	1800250
877	1786375
878	1800250
879	1800250
880	1800125
881	1737750
882	1741125
883	1739375
884	1788750
885	1787000
886	1794000
887	1770750
888	1768625
889	1800125
890	1800125
891	1800125
892	1800125
893	1786500
894	1800250
895	1800250
896	1800125
897	1800125
898	1811875
899	1800125
900	1800125
901	1800250
902	1800250
903	1800250
904	1800000
905	1800000
906	1800125
907	1812250
908	1800250
909	1800250
910	1800125
911	1817500
912	1800250
913	1800250
914	1800125
915	1754000
916	1800250
917	1727750
918	1800375
919	1800125
920	1800000
921	1800250
922	1800125
923	1800125
924	1800125
925	1800125
926	1800125
927	1771375
928	1786250
929	1800000
930	1798750
931	1800250
932	1800250
933	1789125
934	1800250
935	2200000
936	1800125
937	1800125
938	1800125
939	1802625
940	1800125
941	1800125
942	1794500
943	1800125
944	1788375
945	1800000
946	1700125
947	1766250
948	1791375
949	1736000
950	1800125
951	1782250
952	1799250
953	1800125
954	1800000
955	1799875
956	1797750
957	1800125
958	1800000
959	2190750
960	1800125
961	1823875
962	1800250
963	1800125
964	1852500
965	1824750
966	1800375
967	1799875
968	1827375
969	1800000
970	1738000
971	1800250
972	1800125
973	1799875
974	1857250
975	1872125
976	1800000
977	1784750
978	1800250
979	1800000
980	1770250
981	1800250
982	1800125
983	1800375
984	1842250
985	1871375
986	1800250
987	1900250
988	1800250
989	1900000
990	1838250
991	1846000
992	1853625
993	1885125
994	1884750
995	1855375
996	1800000
997	1892875
998	1849125
999	1890125
1000	1836000
1001	1897375
1002	1896875
1003	1887500
1004	1886125
1005	1894250
1006	1826625
1007	1868625
1008	1942750
1009	1959625
1010	1969750
1011	1985875
1012	1900000
1013	1950000
1014	1919875
1015	1966250
1016	1970125
1017	1968000
1018	1959875
1019	1983375
1020	1967500
1021	1921125
1022	1912500
1023	1972750
1024	1949125
1025	1944000
1026	1989625
1027	1984500
1028	1982875
1029	1987250
1030	1976875
1031	1969250
1032	1953125
1033	1939500
1034	1920250
1035	1937875
1036	2100125
1037	2103375
1038	2100125
1039	2100000
1040	2100250
1041	2100000
1042	2100000
1043	2100125
1044	2123375
1045	2136125
1046	2100000
1047	2100125
1048	2171625
1049	2130000
1050	2100125
1051	2128750
1052	2119625
1053	2117750
1054	2129375
1055	2100000
1056	2100125
1057	2100250
1058	2100125
1059	2136125
1060	2108875
1061	2100250
1062	2115125
1063	2100000
1064	2100125
1065	2100375
1066	2100000
1067	2099875
1068	2100250
1069	2099875
1070	2100250
1071	2100000
1072	2100000
1073	2115625
1074	2100250
1075	2152500
1076	2199875
1077	2215375
1078	2199875
1079	2200250
1080	2199750
1081	2233500
1082	2237750
1083	2237500
1084	2247750
1085	2240750
1086	2225500
1087	2127875
1088	2200250
1089	2200000
1090	2237625
1091	2200000
1092	2255500
1093	2200125
1094	2200000
1095	2268625
1096	2219250
1097	2200250
1098	2200125
1099	2200250
1100	2200500
1101	2200250
1102	2199875
1103	2207750
1104	2198875
1105	2200000
1106	2200000
1107	2200125
1108	2230750
1109	2200000
1110	2200375
1111	2205375
1112	2207750
1113	2278250
1114	2200250
1115	2200000
1116	2200125
1117	2193250
1118	2194875
1119	2200125
1120	2200125
1121	2200000
1122	2187000
1123	2200125
1124	2200000
1125	2267875
1126	2200000
1127	2228250
1128	2200125
1129	2200375
1130	2200375
1131	2200000
1132	2200125
1133	2180125
1134	2179125
1135	2152625
1136	2167750
1137	2187250
1138	2200125
1139	2200125
1140	2200000
1141	2200250
1142	2200000
1143	2200000
1144	2200000
1145	2195125
1146	2190750
1147	2200375
1148	2200250
1149	2225875
1150	2248000
1151	2220125
1152	2251250
1153	2267875
1154	2286250
1155	2268500
1156	2244000
1157	2263250
1158	2272250
1159	2212500
1160	2227250
1161	2240750
1162	2253000
1163	2300000
1164	2207000
1165	2295875
1166	2300000
1167	2300125
1168	2288500
1169	2283625
1170	2300000
1171	2289875
1172	2300000
1173	2300000
1174	2299000
1175	2264625
1176	2294625
1177	2281250
1178	2300000
1179	2285500
1180	2205625
1181	2249500
1182	2300125
1183	2282000
1184	2289750
1185	2291500
1186	2255875
1187	2293125
1188	2234375
1189	2210500
1190	2290250
1191	2270125
1192	2285000
1193	2252375
1194	2207875
1195	2292625
1196	2210250
1197	2242375
1198	2237000
1199	2282500
1200	2215750
1201	2300125
1202	2303625
1203	2260750
1204	2276750
1205	2237750
1206	2240625
1207	2272375
1208	2266875
1209	2235125
1210	2270000
1211	2203750
1212	2299875
1213	2267375
1214	2267125
1215	2286375
1216	2256750
1217	2225625
1218	2300125
1219	2278625
1220	2253125
1221	2240500
1222	2250750
1223	2267625
1224	2298000
1225	2205125
1226	2265625
1227	2269375
1228	2283625
1229	2296375
1230	2241500
1231	2210250
1232	2266500
1233	2221750
1234	2258250
1235	2267250
1236	2212875
1237	2246750
1238	2237875
1239	2271250
1240	2252750
1241	2287750
1242	2257250
1243	2300000
1244	2300000
1245	2299875
1246	2258000
1247	2269875
1248	2200250
1249	2212625
1250	2228000
1251	2299875
1252	2300000
1253	2300125
1254	2300000
1255	2244500
1256	2268750
1257	2300000
1258	2300000
1259	2300000
1260	2304250
1261	2323250
1262	2298875
1263	2257250
1264	2266500
1265	2228125
1266	2271500
1267	2212125
1268	2283625
1269	2300000
1270	2264250
1271	2284750
1272	2300000
1273	2276375
1274	2257500
1275	2281125
1276	2216625
1277	2275125
1278	2227125
1279	2218375
1280	2273125
1281	2267000
1282	2293250
1283	2265375
1284	2290750
1285	2259125
1286	2279125
1287	2230125
1288	2240625
1289	1986125
1290	2246250
1291	2287125
1292	2271375
1293	2240750
1294	2285500
1295	2283000
1296	2248625
1297	2246625
1298	2228375
1299	2297125
1300	2200125
1301	2212500
1302	2259500
1303	2266875
1304	2281750
1305	2273625
1306	2245250
1307	2291375
1308	2234250
1309	2212625
1310	2300000
1311	2230875
1312	2200125
1313	2240375
1314	2239125
1315	2205500
1316	2272500
1317	2228250
1318	2266750
1319	2262000
1320	2300250
1321	2284875
1322	2206750
1323	2236875
1324	2272000
1325	2283500
1326	2275500
1327	2254375
1328	2256750
1329	2200000
1330	2248750
1331	2300125
1332	2275000
1333	2300125
1334	2233250
1335	2257625
1336	2299875
1337	2228125
1338	2229375
1339	2241250
1340	2299875
1341	2300125
1342	2279000
1343	2300125
1344	2138750
1345	2300000
1346	2268750
1347	2250750
1348	2296875
1349	2300000
1350	2238375
1351	2253500
1352	2300250
1353	2312625
1354	2300125
1355	2299875
1356	2386375
1357	2300000
1358	2300000
1359	2300000
1360	2300000
1361	2320250
1362	2300000
1363	2300000
1364	2318000
1365	2300000
1366	2213625
1367	2300125
1368	2300000
1369	2222875
1370	2290875
1371	2283625
1372	2300000
1373	2276875
1374	2277500
1375	2300125
1376	2300000
1377	2300000
1378	2269500
1379	2300000
1380	2273500
1381	2243250
1382	2255500
1383	2300000
1384	2280375
1385	2302125
1386	2295125
1387	2284750
1388	2300125
1389	2286500
1390	2300000
1391	2300000
1392	2294625
1393	2295125
1394	2285125
1395	2241750
1396	2248750
1397	2300125
1398	2231875
1399	2286500
1400	2300125
1401	2300125
1402	2268000
1403	2273625
1404	2272000
1405	2258125
1406	2299875
1407	2300125
1408	2300000
1409	2288000
1410	2299250
1411	2310125
1412	2313250
1413	2312875
1414	2300000
1415	2308875
1416	2307500
1417	2196500
1418	2282125
1419	2284625
1420	2253000
1421	2220875
1422	2287250
1423	2214625
1424	2300125
1425	2218750
1426	2264250
1427	2259250
1428	2289625
1429	2245250
1430	2288500
1431	2268500
1432	2299875
1433	2300000
1434	2300125
1435	2300000
1436	2300125
1437	2258000
1438	2199875
1439	2256000
1440	2286125
1441	2231500
1442	2236625
1443	2300000
1444	2212500
1445	2300000
1446	2320875
1447	2379125
1448	2300125
1449	2317875
1450	2300250
1451	2300125
1452	2328000
1453	2299875
1454	2271500
1455	2300375
1456	2277625
1457	2278625
1458	2265625
1459	2283500
1460	2300000
1461	2299875
1462	2299875
1463	2268500
1464	2300000
1465	2300000
1466	2273750
1467	2242625
1468	2267625
1469	2270500
1470	2212125
1471	2200250
1472	2200000
1473	2261500
1474	2235000
1475	2249375
1476	2267375
1477	2276250
1478	2266375
1479	2291250
1480	2242875
1481	2286625
1482	2224875
1483	2300000
1484	2287250
1485	2293125
1486	2299875
1487	2286500
1488	2299875
1489	2260000
1490	2217500
1491	2270375
1492	2259375
1493	2271000
1494	2300000
1495	2300125
1496	2300125
1497	2300250
1498	2300125
1499	2249750
1500	2300000
1501	2299875
1502	2295000
1503	2284500
1504	2283875
1505	2286500
1506	2277375
1507	2238875
1508	2300000
1509	2300125
1510	2255500
1511	2300000
1512	2224500
1513	2312750
1514	2234875
1515	2299875
1516	2299875
1517	2000125
1518	2291000
1519	2212000
1520	2299875
1521	2288875
1522	2286125
1523	2242625
1524	2218250
1525	2244375
1526	2206500
1527	2222125
1528	2200125
1529	2213250
1530	2290000
1531	2212750
1532	2200125
1533	2249000
1534	2200125
1535	2206250
1536	2255750
1537	2299750
1538	2199750
1539	2228875
1540	2216375
1541	2219875
1542	2245750
1543	2272000
1544	2231125
1545	2277250
1546	2266125
1547	2261250
1548	2215250
1549	2300750
1550	2260000
1551	2265250
1552	2207125
1553	2237750
1554	2276375
1555	2220375
1556	2277125
1557	2246875
1558	2269375
1559	2265625
1560	2224500
1561	2299875
1562	2278250
1563	2000000
1564	2200250
1565	2200625
1566	2251875
1567	2200625
1568	2202875
1569	2253875
1570	2240250
1571	2275750
1572	2252250
1573	2253375
1574	2273375
1575	2259625
1576	2200000
1577	2230875
1578	2200125
1579	2200250
1580	2200125
1581	2199875
1582	2200250
1583	2222375
1584	2200250
1585	2200125
1586	2200125
1587	2199875
1588	2200000
1589	2200125
1590	2200125
1591	2200250
1592	2200375
1593	2200125
1594	2200250
1595	2200125
1596	2199875
1597	2200250
1598	2219375
1599	1930875
1600	2199750
1601	2192500
1602	2200125
1603	2196500
1604	2189000
1605	2199875
1606	2193500
1607	2200125
1608	2200250
1609	2199875
1610	2200000
1611	2200125
1612	2181750
1613	2193125
1614	2200000
1615	2100125
1616	2174375
1617	2172375
1618	2181875
1619	2156250
1620	2163250
1621	2170000
1622	2200000
1623	2170000
1624	1970750
1625	2100000
1626	2200500
1627	2200250
1628	2200500
1629	2211750
1630	2200250
1631	2260125
1632	2200000
1633	2200000
1634	1954875
1635	2299875
1636	2210000
1637	2240250
1638	2280750
1639	2300000
1640	2100000
1641	2286750
1642	2000125
1643	1910000
1644	2000125
1645	1989750
1646	2000250
