#Data of CPU Clock Frequency
#Sr No	CPU Speed
0	2799625
1	2669750
2	2620000
3	2606375
4	2589375
5	2556750
6	2600125
7	2656500
8	2896250
9	2900000
10	2700000
11	2700375
12	2649500
13	2600250
14	2584125
15	2537250
16	2545875
17	2652125
18	2700500
19	2700250
20	2730500
21	2700625
22	2656500
23	2643375
24	2839625
25	2811500
26	2912625
27	2939625
28	2912250
29	2912375
30	2647000
31	2675500
32	2687875
33	2610500
34	2507000
35	2506000
36	2500250
37	2679250
38	2900375
39	3000250
40	2699875
41	2700750
42	2665000
43	2676625
44	2658625
45	2858625
46	2828500
47	2645750
48	2957750
49	2742875
50	2711750
51	3013000
52	2667500
53	2668875
54	2700500
55	2600625
56	2607125
57	2815250
58	2640500
59	2727125
60	2639875
61	2692250
62	2658375
63	2498375
64	2500250
65	2992750
66	2560000
67	2570625
68	2618375
69	2653500
70	2755125
71	2627750
72	2515125
73	2400125
74	2823750
75	2500250
76	2539125
77	2611000
78	2609750
79	2534625
80	2606625
81	2759500
82	2500250
83	2400250
84	2400250
85	2437500
86	2414875
87	2400125
88	2587500
89	2570375
90	2800375
91	2997000
92	2832750
93	2600375
94	2500000
95	2541625
96	2406500
97	2439375
98	2400125
99	2500250
100	2718000
101	2635500
102	2700500
103	2929625
104	2725500
105	2600625
106	2500250
107	2579375
108	2386875
109	2703750
110	2400250
111	2500375
112	2828625
113	2726500
114	2712750
115	2668375
116	2643375
117	2713375
118	2600375
119	2727625
120	2386750
121	2458500
122	2359625
123	2400125
124	2500375
125	2766125
126	2699625
127	2700000
128	2700250
129	2645000
130	2900125
131	2888375
132	2500375
133	2342250
134	2819250
135	2400125
136	2444875
137	2506750
138	2838250
139	2642375
140	2678375
141	2666000
142	2758750
143	2578000
144	2899875
145	2832875
146	2405750
147	2300000
148	2364500
149	2492875
150	2454875
151	2500500
152	2596500
153	2648875
154	2655625
155	2600250
156	2693125
157	2619250
158	2934625
159	3000250
160	2714875
161	2574875
162	2900000
163	2445000
164	2436250
165	2524625
166	2600125
167	2627375
168	2515500
169	2671625
170	2699750
171	2667000
172	2671375
173	2800125
174	2882500
175	2960500
176	3000250
177	2735250
178	2569125
179	2400000
180	2475625
181	2453375
182	2542875
183	2600125
184	2670375
185	2600250
186	2649625
187	2668750
188	2655000
189	2673000
190	2676250
191	2700000
192	2700000
193	2699875
194	2867375
195	2807375
196	2900125
197	2932000
198	2900125
199	2986750
200	2976000
201	3000375
202	3000500
203	2706125
204	2800500
205	2358125
206	2781125
207	2556250
208	2568750
209	2584375
210	2527750
211	2671750
212	2624500
213	2684125
214	2822625
215	2679375
216	2648875
217	2662750
218	2659125
219	2646375
220	2678875
221	2700000
222	2649375
223	2675375
224	2619750
225	2700500
226	2674000
227	2668750
228	2628500
229	2700250
230	2699500
231	2699750
232	2699875
233	2832625
234	2878500
235	2800500
236	2800500
237	2800125
238	2900250
239	2900000
240	2916250
241	2900750
242	3000500
243	3000500
244	3000125
245	3008625
246	3000625
247	3000000
248	3018500
249	3060625
250	3003750
251	3100375
252	2930250
253	3019000
254	3033750
255	2929250
256	2978000
257	3000125
258	3000125
259	2868000
260	2703750
261	2780500
262	2790000
263	2469375
264	2506500
265	2500000
266	2510750
267	2538375
268	3000125
269	2600000
270	2563875
271	2600250
272	2668000
273	2615125
274	2643875
275	2600000
276	2690125
277	2673375
278	2669250
279	2609625
280	2684500
281	2694250
282	2648250
283	2637125
284	2685625
285	2682125
286	2699750
287	2653125
288	2620125
289	2654125
290	2646125
291	2678000
292	2613125
293	2615000
294	2628000
295	2640125
296	2643750
297	2671250
298	2636875
299	2700000
300	2700750
301	2700250
302	2661500
303	2700125
304	2667375
305	2640250
306	2700625
307	2617250
308	2671500
309	2753375
310	2700500
311	2700000
312	2733875
313	2700375
314	2700375
315	2700000
316	2733750
317	2832250
318	2800375
319	2830875
320	2824750
321	2872000
322	2830500
323	2806250
324	2800375
325	2800375
326	2900250
327	2927250
328	2900000
329	2958875
330	2927250
331	2899875
332	2944125
333	2935250
334	2900000
335	3000625
336	3000625
337	3000500
338	3000250
339	3000625
340	3000375
341	3000375
342	3000500
343	3000250
344	3034875
345	3013750
346	3040875
347	2753500
348	3077250
349	3009625
350	3004875
351	3042375
352	3100625
353	3010500
354	3069500
355	3071125
356	3100125
357	3044500
358	3026125
359	3100625
360	3015625
361	3040375
362	3100500
363	3068000
364	3005250
365	3000250
366	3026125
367	3070875
368	3000375
369	3013375
370	3100625
371	3056125
372	3000500
373	3028500
374	3025250
375	3000500
376	3000375
377	3000500
378	3016625
379	3000500
380	3000125
381	2857000
382	3000500
383	3000250
384	3000375
385	3000375
386	3030625
387	3000375
388	3000375
389	3000375
390	3000375
391	2968750
392	2980750
393	2979125
394	3000375
395	3000625
396	3000375
397	2768375
398	2500000
399	2395500
400	2480750
401	2471125
402	2500000
403	2530250
404	2500125
405	2500000
406	2500000
407	2500000
408	2500125
409	2518625
410	2600000
411	2600000
412	2600000
413	2607625
414	2600000
415	2600000
416	2622500
417	2669625
418	2600375
419	2633500
420	2600000
421	2600250
422	2654625
423	2631125
424	2653625
425	2700000
426	2700000
427	2700000
428	2700125
429	2721875
430	2699875
431	2635875
432	2690500
433	2670500
434	2700125
435	2700000
436	2700250
437	2715000
438	2703750
439	2642250
440	2664750
441	2667500
442	2668625
443	2672000
444	2662125
445	2641000
446	2612625
447	2625625
448	2600250
449	2681500
450	2666500
451	2686000
452	2651375
453	2634375
454	2640000
455	2665875
456	2696625
457	2684875
458	2679125
459	2697750
460	2672250
461	2673500
462	2645125
463	2692000
464	2654500
465	2676875
466	2700250
467	2690625
468	2692125
469	2700000
470	2699125
471	2670500
472	2671500
473	2638750
474	2671125
475	2670125
476	2686750
477	2700625
478	2632000
479	2638750
480	2649000
481	2671000
482	2640625
483	2667000
484	2639375
485	2699875
486	2600125
487	2659500
488	2645250
489	2626500
490	2638625
491	2653125
492	2639500
493	2700000
494	2677625
495	2672250
496	2700000
497	2700000
498	2700500
499	2652750
500	2700875
501	2800250
502	2800500
503	2845625
504	2700375
505	2800250
506	2800125
507	2800375
508	2800500
509	2821000
510	2812375
511	2854375
512	2899500
513	2900000
514	2975875
515	2984875
516	2967125
517	2957875
518	2946250
519	1704250
520	2579875
521	1299875
522	1389875
523	1363125
524	1340625
525	2228750
526	1800125
527	1752250
528	1800250
529	2800250
530	1700125
531	1700000
532	1713250
533	1711000
534	1813250
535	1800000
536	1730750
537	1800125
538	1710500
539	2999875
540	1800000
541	2800000
542	3059375
543	3041375
544	3099875
545	2683250
546	3054500
547	3034875
548	3059500
549	3049750
550	3018000
551	2689500
552	2008125
553	1882000
554	2999875
555	3054000
556	3007125
557	2999875
558	3053625
559	3000000
560	3033250
561	3013000
562	3057750
563	3025000
564	3063125
565	3074500
566	1800000
567	3041375
568	3058375
569	3022250
570	3100000
571	3125000
572	3125125
573	3075125
574	3100000
575	3100000
576	3083250
577	3091625
578	3099875
579	3099875
580	3100000
581	3099875
582	3099875
583	3100000
584	3100000
585	3073000
586	3084250
587	3100000
588	3099875
589	3058250
590	3083250
591	3068500
592	3073750
593	3050000
594	3025000
595	3076250
596	3049625
597	3083125
598	3074875
599	3087375
600	3066750
601	3066625
602	3083375
603	3100000
604	3099875
605	3071375
606	3041625
607	3091500
608	3099875
609	3108625
610	3100000
611	3099875
612	3117000
613	3047500
614	3091625
615	3058625
616	3086000
617	3099875
618	3083375
619	3100000
620	3099875
621	3041500
622	3100000
623	3085875
624	3083375
625	3091625
626	3089375
627	3066500
628	3100000
629	3100000
630	3099375
631	3095250
632	3083125
633	3065750
634	3083250
635	3056625
636	3042500
637	3096000
638	3083375
639	3074875
640	3087750
641	3057125
642	3058250
643	3028750
644	3051125
645	3033125
646	3053875
647	3083375
648	3041250
649	3058500
650	3049125
651	3068500
652	3038250
653	3050000
654	3041500
655	3058125
656	3074750
657	3060250
658	3072125
659	3058125
660	3047250
661	3055250
662	3016625
663	3061125
664	3030375
665	3033375
666	3083125
667	3050000
668	3033500
669	3066625
670	3069125
671	3066500
672	3046750
673	3077125
674	3049250
675	3062000
676	3092000
677	3058250
678	3100000
679	3081625
680	3065375
681	3095625
682	3058250
683	3042750
684	3066625
685	3014875
686	3033000
687	3037250
688	3042750
689	3041750
690	3000000
691	3025000
692	3018250
693	3033250
694	3033500
695	3025000
696	3054625
697	3007375
698	3016500
699	3000000
700	3000000
701	2999875
702	3021625
703	3050250
704	2691875
705	2991500
706	2991625
707	2983125
708	2966625
709	2983375
710	2991625
711	2983375
712	2975000
713	2991625
714	2999875
715	2983000
716	2971625
717	2983500
718	2967250
719	2916375
720	2933250
721	2933875
722	2958250
723	2949750
724	2933125
725	2962875
726	2916750
727	2942125
728	2999875
729	2958500
730	2973750
731	2999875
732	2999875
733	2999875
734	2800000
735	2900000
736	2491750
737	2728625
738	2400750
739	2793625
740	2441750
741	2400000
742	2400000
743	2419875
744	2500000
745	2452375
746	2499875
747	2500000
748	2800000
749	2497375
750	2499875
751	2500000
752	2500000
753	2466625
754	2500000
755	2468875
756	2499875
757	2500000
758	2499875
759	2899875
760	2600000
761	2585125
762	2551250
763	2595875
764	2574875
765	2599875
766	2645625
767	2590625
768	2599875
769	2600000
770	2600000
771	2599875
772	2596750
773	2624375
774	2622625
775	2629875
776	2599875
777	2602125
778	2628125
779	2633000
780	2650000
781	2641750
782	2616500
783	2599875
784	2630625
785	2657875
786	2644625
787	2633250
788	2933000
789	2661750
790	2683250
791	2700000
792	2700000
793	2666375
794	2683375
795	2700000
796	2691750
797	2683375
798	2662750
799	2691625
800	2675125
801	2687375
802	2699875
803	2700000
804	2675000
805	2690750
806	2691750
807	2700000
808	2691625
809	2699875
810	2699875
811	2700000
812	2699875
813	2708250
814	2974875
815	2683250
816	2661500
817	2658500
818	2638875
819	2666750
820	2633125
821	2644375
822	2633000
823	2658375
824	2638750
825	2681000
826	2666625
827	2649750
828	2672625
829	2933750
830	2654875
831	2618625
832	2649625
833	2663125
834	2660125
835	2666750
836	2636875
837	2643375
838	2648875
839	2633500
840	2634625
841	2641500
842	2620625
843	2623500
844	2665125
845	2624875
846	2641500
847	2650000
848	2633500
849	2665875
850	2650000
851	2649875
852	2657750
853	2656250
854	2661375
855	2650625
856	2649750
857	2649875
858	2674875
859	2650000
860	2677750
861	2675000
862	2655375
863	2664000
864	2683625
865	2653125
866	2647375
867	2658250
868	2958500
869	2666750
870	2650250
871	2649750
872	2681125
873	2666750
874	2671500
875	2677000
876	2674875
877	2674875
878	2664750
879	2674125
880	2666500
881	2683375
882	2666625
883	2691625
884	2666750
885	2683250
886	2666625
887	2699000
888	2683375
889	2688250
890	2675125
891	2699875
892	2666625
893	2658125
894	2681375
895	2653375
896	2666625
897	2680875
898	2658125
899	2691750
900	2664125
901	2680500
902	2658375
903	2658500
904	2652750
905	2683375
906	2683375
907	2669375
908	2674750
909	2666875
910	2691750
911	2658000
912	2691750
913	2664625
914	2634000
915	2675000
916	2699875
917	2650125
918	2645375
919	2691750
920	2999875
921	2721000
922	2725000
923	2675000
924	2675000
925	2666500
926	2681875
927	2666500
928	2649750
929	2700000
930	2699875
931	2699875
932	2699875
933	2716500
934	2699875
935	2700000
936	2708125
937	2699875
938	2700000
939	2700000
940	2683750
941	3000000
942	2824750
943	2816375
944	2816625
945	2833125
946	2816500
947	2800000
948	2799875
949	2816750
950	2824875
951	2824625
952	2800125
953	2819875
954	2816625
955	2833375
956	2821500
957	2816750
958	2824000
959	2808250
960	2833375
961	2848750
962	2837625
963	2833375
964	2800000
965	2966875
966	2934750
967	2940250
968	2916500
969	2941500
970	2941500
971	2958250
972	2974875
973	2906375
974	2911875
975	2957500
976	2933250
977	2974750
978	2958750
979	2952125
980	2946750
981	2957875
982	2900000
983	2953000
984	2958625
985	2977625
986	2978125
987	2958375
988	2944375
989	2941625
990	2983750
991	2980375
992	2974750
993	2933125
994	2936125
995	2956125
996	2941125
997	2945000
998	2956250
999	2958250
1000	2945000
1001	2964625
1002	2967625
1003	2949875
1004	2781750
1005	3040625
1006	3041750
1007	3034875
1008	3025000
1009	3041500
1010	3058375
1011	3059625
1012	3041625
1013	3066750
1014	3068500
1015	3029250
1016	3032125
1017	3000000
1018	3033125
1019	3057500
1020	3039625
1021	3000000
1022	3066875
1023	3033250
1024	3033250
1025	3016125
1026	3030875
1027	3030125
1028	3000000
1029	2999875
1030	3038750
1031	3049750
1032	3030625
1033	3041625
1034	3058250
1035	3030125
1036	3041750
1037	3025000
1038	3058500
1039	3024875
1040	3042000
1041	3016500
1042	3050000
1043	3074375
1044	3049875
1045	3000000
1046	3025750
1047	3071250
1048	3058125
1049	3000000
1050	3045375
1051	3056875
1052	3075250
1053	3020625
1054	3060000
1055	3059875
1056	3037500
1057	3000000
1058	3049875
1059	3036875
1060	3040625
1061	3064625
1062	3029625
1063	3015875
1064	3043500
1065	2999875
1066	3050500
1067	3027000
1068	3028000
1069	3000000
1070	3044000
1071	2999875
1072	2999875
1073	2999875
1074	3038875
1075	3024875
1076	2683250
1077	3069375
1078	3100000
1079	3099875
1080	3099875
1081	3099875
1082	3097000
1083	3100000
1084	3099875
1085	3099875
1086	3094000
1087	3099875
1088	3100000
1089	3100000
1090	3099875
1091	3083250
1092	3074875
1093	3065375
1094	3062250
1095	3068500
1096	3066500
1097	3079500
1098	3100000
1099	3058250
1100	3079000
1101	3074875
1102	3083375
1103	3087250
1104	3100000
1105	3099875
1106	3061750
1107	3082625
1108	3099875
1109	3099875
1110	3100000
1111	3108125
1112	3099875
1113	3100000
1114	3099875
1115	3099875
1116	3075125
1117	3100000
1118	3099875
1119	3049875
1120	3100000
1121	3091625
1122	3099875
1123	3072125
1124	3083125
1125	3099875
1126	3100000
1127	3077500
1128	3066875
1129	3083250
1130	3099875
1131	3100000
1132	3066625
1133	3058375
1134	3050375
1135	3049875
1136	3116625
1137	3098875
1138	3062500
1139	3065125
1140	3082250
1141	3066500
1142	3042875
1143	3100000
1144	3046000
1145	3100000
1146	3091625
1147	3041375
1148	3076125
1149	3076875
1150	3087000
1151	3083375
1152	3083125
1153	3075000
1154	3091750
1155	3100000
1156	3099875
1157	3058375
1158	3041750
1159	3066250
1160	3075000
1161	3077625
1162	3100000
1163	3099875
1164	3099875
1165	3083250
1166	3108375
1167	3099875
1168	3099875
1169	3075500
1170	3100000
1171	3074875
1172	3067125
1173	3061875
1174	3100000
1175	3100000
1176	3036875
1177	3075000
1178	3057250
1179	3099875
1180	3099875
1181	3140375
1182	3099875
1183	3100000
1184	3099875
1185	3100000
1186	3084750
1187	3066500
1188	3091875
1189	3082125
1190	3100000
1191	3045250
1192	3075875
1193	3049750
1194	3062000
1195	3057375
1196	3041625
1197	3075000
1198	3074750
1199	3066750
1200	3100000
1201	3066625
1202	3099875
1203	3099875
1204	2708000
1205	3099875
1206	3099875
1207	3100000
1208	3099875
1209	3094250
1210	3100000
1211	3121750
1212	3066625
1213	3075125
1214	3083250
1215	3100000
1216	3124750
1217	3100000
1218	3099875
1219	3100000
1220	3071500
1221	3099875
1222	3100000
1223	3062875
1224	3066750
1225	3100000
1226	3099875
1227	3066625
1228	3099875
1229	3100000
1230	3058375
1231	3066625
1232	3045875
1233	3066500
1234	3074875
1235	3100000
1236	3084375
1237	3072875
1238	3099875
1239	3099875
1240	3031125
1241	3046500
1242	3059000
1243	3074875
1244	3083250
1245	3075000
1246	3072500
1247	3100000
1248	3100000
1249	3066375
1250	3099875
1251	3100000
1252	3052875
1253	3089125
1254	3049750
1255	3100000
1256	3083125
1257	3099875
1258	3100000
1259	3100000
1260	3100000
1261	3045000
1262	3056125
1263	3075125
1264	3074875
1265	3031375
1266	3049750
1267	3083250
1268	3066625
1269	3099875
1270	3087750
1271	3059750
1272	3074750
1273	3058500
1274	3051250
1275	3076625
1276	3062875
1277	3100000
1278	3091625
1279	3058125
1280	3083625
1281	3048125
1282	3041375
1283	3050500
1284	3022500
1285	3071750
1286	3049500
1287	3058125
1288	3038500
1289	3024875
1290	3052375
1291	3024625
1292	3083250
1293	3049875
1294	3061125
1295	3091500
1296	3049750
1297	3058250
1298	3066625
1299	3066375
1300	3027125
1301	3066500
1302	3050000
1303	3098250
1304	3050750
1305	3066625
1306	3048000
1307	3066500
1308	3058125
1309	3099875
1310	3099875
1311	3079375
1312	3099875
1313	3099875
1314	3083125
1315	3040125
1316	3066500
1317	3083125
1318	3057000
1319	3043000
1320	3071125
1321	3066625
1322	3051750
1323	3067000
1324	3024875
1325	3050000
1326	2800000
1327	3091500
1328	3052125
1329	3096875
1330	3066625
1331	3091625
1332	3100000
1333	3057750
1334	3083250
1335	3058125
1336	3066625
1337	3063875
1338	3091625
1339	3083375
1340	2699875
1341	3052375
1342	3066625
1343	3074875
1344	3060500
1345	3083125
1346	3033125
1347	3039500
1348	3074250
1349	3053500
1350	3047750
1351	3100000
1352	3063250
1353	3093375
1354	3042625
1355	3071000
1356	3066500
1357	3073625
1358	3099875
1359	3075375
1360	3076500
1361	3049750
1362	3051000
1363	3060125
1364	3049750
1365	3049000
1366	3058125
1367	3045250
1368	3075375
1369	3033250
1370	3083125
1371	3059000
1372	3077375
1373	3091625
1374	3066625
1375	3072750
1376	3066875
1377	3025125
1378	3044250
1379	3078000
1380	3075000
1381	3049875
1382	3072125
1383	3083250
1384	3080500
1385	3060750
1386	3033375
1387	3058375
1388	3022500
1389	3058000
1390	3045000
1391	3035250
1392	3075750
1393	3050125
1394	3083125
1395	3065750
1396	3058125
1397	3039625
1398	3049625
1399	3074750
1400	3060000
1401	3066625
1402	3091625
1403	3025000
1404	3058000
1405	3045625
1406	3058125
1407	3056500
1408	3066750
1409	3049125
1410	3066500
1411	3100000
1412	3067500
1413	3081250
1414	3063250
1415	3049500
1416	3091625
1417	1861375
1418	1850250
1419	1799875
1420	1669375
1421	1783250
1422	1891625
1423	1744000
1424	1966250
1425	1716500
1426	1799875
1427	1799875
1428	2911500
1429	3068750
1430	3092000
1431	3074500
1432	3071375
1433	3092000
1434	3000375
1435	3054000
1436	3055000
1437	3062125
1438	3022875
1439	3000375
1440	3000250
1441	3012000
1442	3000375
1443	2999750
1444	3000500
1445	3000500
1446	3023375
1447	3000375
1448	3000000
1449	3000500
1450	3000250
1451	3000625
1452	3015875
1453	3000125
1454	3050625
1455	3000500
1456	3030750
1457	3006500
1458	3014250
1459	3038500
1460	3000125
1461	3000250
1462	3009125
1463	3077875
1464	3000250
1465	3069125
1466	3000250
1467	3030000
1468	3021875
1469	3055000
1470	3031375
1471	3036625
1472	3012500
1473	3000000
1474	3000125
1475	2940125
1476	2938250
1477	2959750
1478	3000500
1479	3000500
1480	2983875
1481	3000375
1482	2962875
1483	3000375
1484	2953750
1485	2957750
1486	2985375
1487	2987000
1488	2967875
1489	2968125
1490	2985000
1491	2989000
1492	2948500
1493	3000250
1494	2946500
1495	2924875
1496	2920250
1497	2975750
1498	3000375
1499	2952875
1500	3000375
1501	2957125
1502	2901125
1503	2943625
1504	2900625
1505	2900000
1506	2900250
1507	2909375
1508	2929625
1509	2900375
1510	2900500
1511	2930875
1512	2926750
1513	2900000
1514	2921250
1515	2915750
1516	2900125
1517	2929625
1518	2900000
1519	2906875
1520	2900375
1521	2800500
1522	2988500
1523	3000125
1524	2945750
1525	2957125
1526	2958125
1527	2926500
1528	2700625
1529	3000375
1530	3000125
1531	2999875
1532	3000375
1533	2971000
1534	2660000
1535	2700500
1536	2719500
1537	2800375
