#Data of CPU Clock Frequency
#Sr No	CPU Speed
0	3007625
1	3055625
2	3000125
3	2939375
4	2899875
5	2900125
6	3170375
7	3221875
8	3000375
9	3005875
10	3029750
11	3058625
12	3012750
13	3217125
14	2896750
15	2827500
16	2926375
17	3197875
18	3000250
19	2989125
20	3000375
21	3281125
22	3271625
23	3161000
24	2961125
25	3012250
26	2928250
27	3216000
28	3207000
29	3180125
30	3300750
31	3028000
32	3000500
33	3025750
34	2941875
35	2988625
36	3074625
37	3178375
38	3300500
39	3229375
40	3100125
41	3099250
42	3079500
43	3092875
44	3245250
45	3251250
46	3200125
47	2894625
48	3000125
49	3100250
50	3100125
51	3315500
52	3300125
53	3019875
54	3014250
55	3000250
56	2917000
57	3182125
58	3200125
59	3000375
60	3100125
61	3000625
62	2997250
63	3294375
64	2871000
65	2861000
66	2824500
67	2423750
68	3100500
69	2899875
70	3300500
71	3300250
72	2981750
73	2885750
74	2800125
75	3300750
76	2842750
77	3273375
78	2948875
79	3005625
80	2899875
81	3323625
82	3232125
83	3217375
84	2830750
85	2778250
86	3267250
87	2800125
88	2900375
89	2899875
90	3087125
91	3000250
92	3302250
93	3100000
94	2903500
95	2888500
96	3131875
97	2668000
98	2734875
99	2721375
100	2870625
101	3100000
102	3011625
103	3100625
104	3279625
105	3100250
106	2928625
107	2870375
108	2673125
109	3703250
110	2800500
111	2736500
112	2826875
113	3040875
114	3100625
115	3100750
116	3112750
117	2974625
118	3100500
119	3000500
120	2887875
121	2735375
122	2721000
123	2800250
124	2770500
125	2892000
126	3100500
127	3291000
128	3079375
129	3116000
130	3075500
131	3288125
132	3301000
133	2834500
134	2700500
135	2699750
136	2800125
137	2889625
138	2899875
139	2952625
140	3062625
141	3014625
142	3000375
143	2986875
144	2899875
145	3268375
146	3165375
147	3249250
148	2700000
149	2782500
150	2800000
151	2900125
152	2954625
153	2929875
154	3028375
155	3032000
156	3015875
157	3012500
158	3046125
159	3154625
160	3319875
161	3100125
162	2900000
163	2800000
164	2886125
165	2897500
166	2921625
167	2917375
168	3000250
169	2948625
170	3034250
171	3012500
172	3040875
173	3075000
174	3166375
175	3119125
176	3200125
177	3289250
178	3261250
179	3121125
180	2824750
181	2800125
182	2813250
183	2889000
184	2979000
185	3000000
186	3071875
187	3000250
188	3033250
189	3000375
190	3100250
191	3100125
192	3100125
193	3100375
194	2800375
195	3200375
196	3200375
197	3301750
198	3215500
199	3270625
200	3301375
201	3300250
202	3301750
203	3301125
204	3127125
205	2890750
206	2800000
207	2879375
208	2916125
209	2900000
210	2969625
211	3004375
212	3000000
213	3100250
214	3167000
215	3100375
216	3036375
217	3000250
218	3023375
219	3000000
220	3039250
221	3060000
222	3100375
223	3062875
224	3073500
225	3068750
226	3080375
227	3000375
228	3083500
229	3104875
230	3100375
231	3115875
232	3164250
233	3200250
234	3207500
235	3208750
236	3229125
237	3301625
238	3289000
239	3301375
240	3271625
241	3301375
242	3370000
243	3301125
244	3353125
245	3301250
246	3371500
247	3371250
248	3354125
249	3373250
250	3368750
251	3300625
252	3312625
253	3331250
254	3301750
255	3301250
256	3300750
257	3192875
258	3100500
259	2853625
260	3050000
261	2881375
262	2866875
263	3132750
264	2900125
265	2869750
266	2989750
267	2908000
268	2946625
269	2900000
270	3011125
271	3000125
272	3020750
273	3100250
274	3100375
275	3100500
276	3069000
277	3062625
278	3100500
279	3167875
280	3012250
281	3025750
282	3067875
283	3025250
284	3087125
285	3071250
286	3028000
287	3069125
288	3091500
289	3081500
290	3066500
291	3005125
292	3021875
293	3010625
294	3100500
295	3015875
296	3309250
297	3068125
298	3024625
299	3006375
300	3085625
301	3100125
302	3100250
303	3089500
304	3043875
305	3100250
306	3200125
307	3200250
308	3200250
309	3200250
310	3200250
311	3200000
312	3301375
313	3271500
314	3298000
315	3300250
316	3300625
317	3278000
318	3300750
319	3295250
320	3356625
321	3328000
322	3333625
323	3345000
324	3361500
325	3324250
326	3300250
327	3331125
328	3330125
329	3334250
330	3308125
331	3312375
332	3385250
333	3345875
334	3400750
335	3368250
336	3343000
337	3334875
338	3385750
339	3393125
340	3352500
341	3306250
342	3371000
343	3373625
344	3351250
345	3360750
346	3387875
347	3391000
348	3315125
349	3336750
350	3327250
351	3400125
352	3370000
353	3394375
354	3391000
355	3310750
356	3384500
357	3100375
358	3337125
359	3314875
360	3313250
361	3299875
362	3346125
363	3338375
364	3340625
365	3343250
366	3333250
367	3307125
368	3360875
369	3315375
370	3306125
371	3300500
372	3310125
373	3300625
374	3300000
375	3299375
376	3301250
377	3290000
378	3300250
379	3100500
380	3310500
381	3300375
382	3100250
383	3229875
384	2863000
385	3126875
386	2843500
387	2800125
388	2900000
389	2905000
390	2914250
391	2922500
392	2900000
393	2900250
394	2973500
395	2930375
396	2995125
397	2997375
398	3000000
399	2994625
400	2986875
401	2975250
402	2975125
403	3026125
404	3085250
405	3074125
406	3035750
407	3043000
408	3035000
409	3042500
410	3125750
411	3125875
412	3146875
413	3100375
414	3130750
415	3115250
416	3100250
417	3100375
418	3100375
419	3100250
420	3107250
421	3100125
422	3128625
423	3064250
424	3100500
425	3049875
426	3100500
427	3064500
428	3100500
429	3081750
430	3354000
431	3039750
432	3037875
433	3044000
434	3064125
435	3026625
436	3087125
437	3067375
438	3015000
439	3048750
440	3064000
441	3040875
442	3091750
443	3079500
444	3077375
445	3051375
446	3055500
447	3038125
448	3055000
449	3004125
450	3054500
451	3057750
452	3076625
453	3000375
454	3034500
455	3000250
456	3000625
457	3000375
458	3000250
459	3005000
460	3011375
461	3065875
462	3006750
463	3080875
464	3035250
465	3000125
466	3049625
467	3100625
468	3058250
469	3100250
470	3050000
471	3100500
472	3100500
473	3100750
474	3093750
475	3100375
476	3272125
477	3200375
478	3200375
479	3198875
480	3200250
481	3200500
482	3195625
483	3200250
484	3200375
485	3200500
486	3200000
487	3204750
488	3300875
489	3258250
490	3300625
491	3251125
492	3276875
493	3301125
494	3254750
495	3240500
496	3301125
497	3293000
498	3278875
499	3255125
500	3264625
501	3301250
502	3284875
503	3290875
504	3281875
505	3300750
506	3301000
507	3377375
508	3398750
509	3301625
510	3325375
511	3300125
512	3322750
513	3332125
514	3324875
515	3300000
516	3340500
517	3313000
518	3301000
519	3259500
520	3324375
521	3368250
522	3309875
523	3365125
524	3342500
525	3341250
526	3313375
527	3316375
528	3300875
529	3301000
530	3320500
531	3053750
532	3313000
533	3308500
534	3324000
535	3333125
536	3314375
537	3301625
538	3322375
539	3400000
540	3400250
541	3333000
542	3371625
543	3354500
544	3121875
545	3131250
546	3365125
547	3387875
548	3331500
549	3393500
550	3337250
551	3387125
552	3338750
553	3381375
554	3340875
555	3389875
556	3357250
557	3367625
558	3391625
559	3390250
560	3356250
561	3369125
562	3358625
563	3360875
564	3379625
565	3358000
566	3328750
567	3350625
568	3361375
569	3357000
570	3323500
571	3333375
572	3362250
573	3339375
574	3363000
575	3378000
576	3371625
577	3361125
578	3400250
579	3377875
580	3400250
581	3401375
582	3387625
583	3386500
584	3386250
585	3361500
586	3361125
587	3117375
588	3400000
589	3391500
590	3394625
591	3395750
592	3390125
593	3370250
594	3355375
595	3322000
596	3338625
597	3354625
598	3360125
599	3400875
600	3315250
601	3384750
602	3371250
603	3372750
604	3301375
605	3335000
606	3369000
607	3124000
608	3359625
609	3330250
610	3361750
611	3389125
612	3393875
613	3389000
614	3393000
615	3358125
616	3396500
617	3391500
618	3335375
619	3347250
620	3384750
621	3344375
622	3400250
623	3390375
624	3381500
625	3401125
626	3400000
627	3387125
628	3396000
629	3394250
630	3370750
631	3361875
632	3354750
633	3370750
634	3356500
635	3375375
636	3364125
637	3330750
638	3355000
639	3361375
640	3359750
641	3375500
642	3346375
643	3147875
644	3340250
645	3327000
646	3371625
647	3400375
648	3359125
649	3368750
650	3362875
651	3110875
652	3368375
653	3311250
654	3300500
655	3313250
656	3318875
657	3314750
658	3301250
659	3385625
660	3308875
661	3381500
662	3334750
663	3321500
664	3361000
665	3367375
666	3338625
667	3332250
668	3338750
669	3358750
670	3378875
671	3306875
672	3302375
673	3301375
674	3262000
675	3301375
676	3300875
677	3295750
678	3300625
679	3300875
680	3289625
681	3287000
682	3300500
683	3142625
684	3301125
685	3247000
686	3262125
687	3281000
688	3286000
689	3293250
690	3284750
691	3263500
692	3263250
693	3300250
694	3286125
695	3390000
696	3305375
697	3336250
698	3106875
699	3100250
700	2872750
701	2800000
702	2788750
703	2818000
704	2845250
705	2800000
706	2900000
707	2900000
708	2804500
709	2900000
710	2900125
711	3290375
712	2900000
713	2833500
714	2900000
715	2900000
716	2900125
717	2900000
718	2900000
719	2899875
720	2900000
721	2900000
722	2983375
723	3000000
724	2983000
725	2996625
726	2929625
727	2979250
728	2991125
729	2963625
730	2969750
731	2971750
732	2978500
733	2938125
734	2996250
735	3000125
736	3030500
737	3092125
738	3042000
739	3004125
740	3066125
741	3090375
742	3000000
743	3053000
744	3000000
745	3005625
746	3028375
747	3040625
748	3000000
749	3300125
750	3100125
751	3100375
752	3100000
753	3100125
754	3100125
755	3173250
756	3100250
757	3100375
758	3100375
759	3100375
760	3138250
761	3111250
762	3100250
763	3107625
764	3100250
765	3100000
766	3110000
767	3100625
768	3100500
769	3100375
770	3100125
771	3130375
772	3107875
773	3100500
774	3124250
775	3124750
776	3100500
777	3061750
778	3068000
779	3094250
780	3071125
781	3023125
782	3044875
783	3074375
784	3070750
785	3058625
786	3038250
787	3058125
788	3086750
789	3000875
790	3100375
791	3026125
792	3040500
793	3090250
794	3027875
795	3000125
796	3053125
797	3016625
798	3025500
799	3042500
800	3058500
801	3090750
802	3060375
803	3070375
804	3054750
805	3029125
806	3074875
807	3300625
808	3073000
809	3071000
810	3071000
811	3071000
812	3063250
813	3035000
814	3042500
815	3032875
816	3087750
817	3000375
818	3039250
819	3046750
820	3074750
821	3064000
822	3075250
823	3100750
824	3031000
825	3056375
826	3026125
827	3040250
828	3000375
829	3011500
830	3086875
831	3000375
832	3060500
833	3068250
834	3077625
835	3057875
836	3006000
837	3028625
838	3000250
839	3100125
840	3033125
841	3008125
842	3062625
843	3100375
844	3330375
845	3000000
846	3064875
847	3076000
848	3056625
849	3060750
850	3083375
851	3028375
852	3000375
853	3040750
854	3027375
855	3022250
856	3065250
857	3048625
858	3013125
859	3041625
860	3067875
861	3063125
862	3040875
863	2920500
864	3100250
865	3129875
866	3100625
867	3099500
868	3101500
869	3054000
870	3100500
871	3100625
872	3100125
873	3100000
874	3073500
875	3100625
876	3100625
877	3169500
878	3100625
879	3114250
880	3100125
881	3100625
882	3200125
883	3231750
884	3200125
885	3200125
886	3219375
887	3200500
888	3200500
889	3229375
890	3236500
891	3200000
892	3200375
893	3227625
894	3200125
895	3200125
896	3200125
897	3208000
898	3200125
899	3200125
900	3200125
901	3200125
902	3200125
903	3200125
904	3200125
905	3332000
906	3300500
907	3300000
908	3301750
909	3301125
910	3297375
911	3300750
912	3300750
913	3301125
914	3300500
915	3300375
916	3300625
917	3300250
918	3300375
919	3300375
920	3299875
921	3300375
922	3289500
923	3300125
924	3320125
925	3300875
926	3300625
927	3301375
928	3301000
929	3014625
930	3301625
931	3301000
932	3302000
933	3303000
934	3300250
935	3309125
936	3305750
937	3304375
938	3302750
939	3300375
940	3300500
941	3300500
942	3294125
943	3300250
944	3322125
945	3376500
946	3363625
947	3378375
948	3345625
949	3342000
950	3353625
951	3345250
952	3385500
953	3320250
954	3323875
955	3361250
956	3302625
957	3333250
958	3330625
959	3336375
960	3342500
961	3400375
962	3361125
963	3400000
964	3305000
965	3382625
966	3376875
967	3317000
968	3330125
969	3388125
970	3343375
971	3314125
972	3381625
973	3353875
974	3400000
975	3376750
976	3337375
977	3389750
978	3383125
979	3354750
980	3355750
981	3387625
982	3400375
983	3312375
984	3348000
985	3301000
986	3380000
987	3342125
988	3340500
989	3332750
990	3353875
991	3324250
992	3325500
993	3327625
994	3385875
995	3399750
996	3400375
997	3345125
998	3312000
999	3345500
1000	3360750
1001	3317000
1002	3395000
1003	3346125
1004	3385750
1005	3300500
1006	3300500
1007	3367125
1008	3302500
1009	3346625
1010	3305000
1011	3378625
1012	3353000
1013	3346000
1014	3300500
1015	3328000
1016	3400250
1017	3399750
1018	3301375
1019	3400125
1020	3399875
1021	3395500
1022	3321500
1023	3400000
1024	3384750
1025	3391500
1026	3351750
1027	3400000
1028	3400500
1029	3400750
1030	3353375
1031	3382625
1032	3349750
1033	3366625
1034	3100250
1035	3378500
1036	3400250
1037	3400750
1038	3400125
1039	3367125
1040	3339625
1041	3400625
1042	3400125
1043	3303875
1044	3399500
1045	3368875
1046	3331250
1047	3397125
1048	3366375
1049	3368125
1050	3400375
1051	3395000
1052	3339750
1053	3401000
1054	3391750
1055	3397750
1056	3370625
1057	3329250
1058	3374500
1059	3399000
1060	3365250
1061	3400625
1062	3358250
1063	3399875
1064	3354500
1065	3372625
1066	3400000
1067	3341500
1068	3400125
1069	3393750
1070	3121875
1071	3172375
1072	3385625
1073	3390750
1074	3400000
1075	3397875
1076	3388250
1077	3383000
1078	3389625
1079	3400000
1080	3399875
1081	3393250
1082	3368625
1083	3366625
1084	3357250
1085	3399875
1086	3356625
1087	3353250
1088	3392000
1089	3309250
1090	3400250
1091	3400000
1092	3370875
1093	3354875
1094	3345000
1095	3383750
1096	3357250
1097	3308375
1098	3365375
1099	3399750
1100	3400000
1101	3372875
1102	3399875
1103	3300750
1104	3343625
1105	3347500
1106	3388000
1107	3386750
1108	3330750
1109	3375500
1110	3368125
1111	3376250
1112	3370375
1113	3336500
1114	3400125
1115	3352125
1116	3392750
1117	3369875
1118	3390750
1119	3383000
1120	3400875
1121	3367625
1122	3100250
1123	3100375
1124	3138625
1125	3332625
1126	3384625
1127	3395750
1128	3400125
1129	3335750
1130	3400250
1131	3400250
1132	3386375
1133	3399875
1134	3400375
1135	3355875
1136	3369625
1137	3340750
1138	3108500
1139	3400500
1140	3400625
1141	3400000
1142	3372125
1143	3343500
1144	3399875
1145	3431625
1146	3392250
1147	3386375
1148	3372125
1149	3400125
1150	3342375
1151	3400000
1152	3397250
1153	3400500
1154	3103500
1155	3372375
1156	3400000
1157	3392000
1158	3401000
1159	3385750
1160	3363250
1161	3389125
1162	3158875
1163	3293875
1164	3311500
1165	3396875
1166	3399875
1167	3400000
1168	3385875
1169	3338375
1170	3400000
1171	3383625
1172	3389875
1173	3372250
1174	3373875
1175	3370750
1176	3400000
1177	3383875
1178	3331875
1179	3355625
1180	3384250
1181	3361750
1182	3400375
1183	3321250
1184	3390625
1185	3340750
1186	3400375
1187	3372125
1188	3374375
1189	3400000
1190	3400375
1191	3399750
1192	3400250
1193	3400000
1194	3400250
1195	3376750
1196	3370500
1197	3372375
1198	3393500
1199	3399875
1200	3397875
1201	3379000
1202	3372250
1203	3380375
1204	3386625
1205	3354125
1206	3125625
1207	3371875
1208	3326500
1209	3370000
1210	3357875
1211	3332000
1212	3372750
1213	3343000
1214	3372125
1215	3387625
1216	3338375
1217	3400000
1218	3372875
1219	3395375
1220	3305875
1221	3400625
1222	3158375
1223	3369875
1224	3400625
1225	3391000
1226	3372875
1227	3396125
1228	3400250
1229	3400125
1230	3400125
1231	3400500
1232	3400750
1233	3370625
1234	3131500
1235	3393500
1236	3366500
1237	3355750
1238	3390875
1239	3367125
1240	3398375
1241	3400375
1242	3400375
1243	3370750
1244	3387625
1245	3400000
1246	3315500
1247	3341000
1248	3381875
1249	3384625
1250	3400000
1251	3370375
1252	3400250
1253	3369625
1254	3384375
1255	3363750
1256	3395375
1257	3399875
1258	3400125
1259	3399750
1260	3387250
1261	3400125
1262	3372750
1263	3359250
1264	3372000
1265	3373750
1266	3399875
1267	3370750
1268	3393500
1269	3391500
1270	3400500
1271	3370625
1272	3368125
1273	3384250
1274	3374375
1275	3377000
1276	3388375
1277	3341625
1278	3387625
1279	3367625
1280	3392875
1281	3369250
1282	3373125
1283	3340250
1284	3314750
1285	3355000
1286	3400375
1287	3354000
1288	3334375
1289	3376250
1290	3389875
1291	3338000
1292	3400000
1293	3376250
1294	3386375
1295	3357750
1296	3360500
1297	3360125
1298	3369125
1299	3363500
1300	3370750
1301	3386875
1302	3372750
1303	3322625
1304	3372125
1305	3351750
1306	3359000
1307	3356250
1308	3305000
1309	3360500
1310	3100500
1311	3387250
1312	3339125
1313	3330875
1314	3400875
1315	3392125
1316	3375250
1317	3361750
1318	3367000
1319	3388125
1320	3372375
1321	3353375
1322	3400375
1323	3393250
1324	3400250
1325	3358625
1326	3372500
1327	3380750
1328	3394500
1329	3400250
1330	3111375
1331	3339500
1332	3309625
1333	3320125
1334	3390750
1335	3372000
1336	3356625
1337	3343375
1338	3342750
1339	3370125
1340	3379250
1341	3371750
1342	3401375
1343	3341250
1344	3394125
1345	3388750
1346	3400000
1347	3393625
1348	3363375
1349	3352375
1350	3370375
1351	3367625
1352	3370375
1353	3387000
1354	3318000
1355	3384125
1356	3336625
1357	3400000
1358	3387125
1359	3310875
1360	3352125
1361	3400500
1362	3400000
1363	3341250
1364	3353375
1365	3388875
1366	3339250
1367	3388375
1368	3369875
1369	3346000
1370	3346625
1371	3341750
1372	3372875
1373	3313125
1374	3388125
1375	3391875
1376	3326625
1377	3368000
1378	3231625
1379	3343500
1380	3318375
1381	3300000
1382	3358875
1383	3341750
1384	3300500
1385	3313250
1386	3362375
1387	3389000
1388	3311250
1389	3299875
1390	3351000
1391	3353875
1392	3387375
1393	3301125
1394	3300625
1395	3312750
1396	3301625
1397	3323000
1398	3355000
1399	3327875
1400	3299875
1401	3326750
1402	3334000
1403	3360625
1404	3313625
1405	3384375
1406	3371750
1407	3380125
1408	3341500
1409	3306375
1410	3321000
1411	3344125
1412	3314500
1413	3335000
1414	3111500
1415	3300500
1416	3296875
1417	3300500
1418	3287500
1419	3300250
1420	3285250
1421	3300875
1422	3275750
1423	3300750
1424	3254375
1425	3295250
1426	3300250
1427	3300375
1428	3300750
1429	3300500
1430	3300375
1431	3303500
1432	3300375
1433	3297875
1434	3298125
1435	3300125
1436	3300500
1437	3304750
1438	3304750
1439	3065625
1440	3262375
1441	3293000
1442	3220875
1443	3255625
1444	3291625
1445	3293625
1446	3300625
1447	3300625
1448	3238625
1449	3294750
1450	3257375
1451	3289500
1452	3279625
1453	3283250
1454	3276125
1455	3262125
1456	3100125
1457	3239125
1458	3301500
1459	3302250
1460	3300500
1461	3301125
1462	3298875
1463	3349375
1464	3339750
1465	3300750
1466	3312875
1467	3368500
1468	3100500
1469	3100375
1470	3218625
